2.000000000000000000e+00
2.000000000000000000e+00
2.000000000000000000e+00
2.000000000000000000e+00
2.000000000000000000e+00
2.000000000000000000e+00
2.000000000000000000e+00
2.000000000000000000e+00
2.000000000000000000e+00
2.000000000000000000e+00
2.000000000000000000e+00
2.000000000000000000e+00
2.000000000000000000e+00
2.000000000000000000e+00
2.000000000000000000e+00
2.000000000000000000e+00
2.000000000000000000e+00
2.000000000000000000e+00
2.000000000000000000e+00
2.000000000000000000e+00
2.000000000000000000e+00
2.000000000000000000e+00
2.000000000000000000e+00
2.000000000000000000e+00
2.000000000000000000e+00
2.000000000000000000e+00
2.000000000000000000e+00
2.000000000000000000e+00
2.000000000000000000e+00
2.000000000000000000e+00
2.000000000000000000e+00
2.000000000000000000e+00
2.000000000000000000e+00
2.000000000000000000e+00
2.000000000000000000e+00
2.000000000000000000e+00
2.000000000000000000e+00
2.000000000000000000e+00
2.000000000000000000e+00
2.000000000000000000e+00
2.000000000000000000e+00
2.000000000000000000e+00
2.000000000000000000e+00
2.000000000000000000e+00
2.000000000000000000e+00
2.000000000000000000e+00
2.000000000000000000e+00
2.000000000000000000e+00
2.000000000000000000e+00
2.000000000000000000e+00
2.000000000000000000e+00
2.000000000000000000e+00
2.000000000000000000e+00
2.000000000000000000e+00
2.000000000000000000e+00
2.000000000000000000e+00
2.000000000000000000e+00
2.000000000000000000e+00
2.000000000000000000e+00
2.000000000000000000e+00
2.000000000000000000e+00
2.000000000000000000e+00
2.000000000000000000e+00
2.000000000000000000e+00
2.000000000000000000e+00
2.000000000000000000e+00
2.000000000000000000e+00
2.000000000000000000e+00
2.000000000000000000e+00
2.000000000000000000e+00
2.000000000000000000e+00
2.000000000000000000e+00
2.000000000000000000e+00
2.000000000000000000e+00
2.000000000000000000e+00
2.000000000000000000e+00
2.000000000000000000e+00
2.000000000000000000e+00
2.000000000000000000e+00
2.000000000000000000e+00
2.000000000000000000e+00
2.000000000000000000e+00
2.000000000000000000e+00
2.000000000000000000e+00
2.000000000000000000e+00
2.000000000000000000e+00
2.000000000000000000e+00
2.000000000000000000e+00
2.000000000000000000e+00
2.000000000000000000e+00
2.000000000000000000e+00
2.000000000000000000e+00
2.000000000000000000e+00
2.000000000000000000e+00
2.000000000000000000e+00
2.000000000000000000e+00
2.000000000000000000e+00
2.000000000000000000e+00
2.000000000000000000e+00
2.000000000000000000e+00
2.000000000000000000e+00
2.000000000000000000e+00
2.000000000000000000e+00
2.000000000000000000e+00
2.000000000000000000e+00
2.000000000000000000e+00
2.000000000000000000e+00
2.000000000000000000e+00
2.000000000000000000e+00
2.000000000000000000e+00
2.000000000000000000e+00
2.000000000000000000e+00
2.000000000000000000e+00
2.000000000000000000e+00
2.000000000000000000e+00
2.000000000000000000e+00
2.000000000000000000e+00
2.000000000000000000e+00
2.000000000000000000e+00
2.000000000000000000e+00
2.000000000000000000e+00
2.000000000000000000e+00
2.000000000000000000e+00
2.000000000000000000e+00
2.000000000000000000e+00
2.000000000000000000e+00
2.000000000000000000e+00
2.000000000000000000e+00
2.000000000000000000e+00
2.000000000000000000e+00
2.000000000000000000e+00
2.000000000000000000e+00
2.000000000000000000e+00
2.000000000000000000e+00
2.000000000000000000e+00
2.000000000000000000e+00
2.000000000000000000e+00
2.000000000000000000e+00
2.000000000000000000e+00
2.000000000000000000e+00
2.000000000000000000e+00
2.000000000000000000e+00
2.000000000000000000e+00
2.000000000000000000e+00
2.000000000000000000e+00
2.000000000000000000e+00
2.000000000000000000e+00
2.000000000000000000e+00
2.000000000000000000e+00
2.000000000000000000e+00
2.000000000000000000e+00
2.000000000000000000e+00
2.000000000000000000e+00
2.000000000000000000e+00
2.000000000000000000e+00
2.000000000000000000e+00
2.000000000000000000e+00
2.000000000000000000e+00
2.000000000000000000e+00
2.000000000000000000e+00
2.000000000000000000e+00
2.000000000000000000e+00
1.983999999999999986e+00
1.983999999999999986e+00
1.983999999999999986e+00
1.983000000000000096e+00
1.870000000000000107e+00
1.870000000000000107e+00
1.847999999999999865e+00
1.836999999999999966e+00
1.681000000000000050e+00
1.665000000000000036e+00
1.649999999999999911e+00
1.643000000000000016e+00
1.640000000000000124e+00
1.637000000000000011e+00
1.635000000000000009e+00
1.625999999999999890e+00
1.620999999999999996e+00
1.613999999999999879e+00
1.610000000000000098e+00
1.608000000000000096e+00
1.600000000000000089e+00
1.597999999999999865e+00
1.597999999999999865e+00
1.593999999999999861e+00
1.592999999999999972e+00
1.588000000000000078e+00
1.579000000000000181e+00
1.573999999999999844e+00
1.556999999999999940e+00
1.550999999999999934e+00
1.547000000000000153e+00
1.544000000000000039e+00
1.542000000000000037e+00
1.541999999999999815e+00
1.536999999999999922e+00
1.536000000000000032e+00
1.534999999999999920e+00
1.532999999999999918e+00
1.528999999999999915e+00
1.528999999999999915e+00
1.526999999999999913e+00
1.524999999999999911e+00
1.524999999999999911e+00
1.515000000000000124e+00
1.515000000000000124e+00
1.512000000000000011e+00
1.511000000000000121e+00
1.508000000000000007e+00
1.508000000000000007e+00
1.503000000000000114e+00
1.503000000000000114e+00
1.495999999999999996e+00
1.495999999999999996e+00
1.492999999999999883e+00
1.492999999999999883e+00
1.492999999999999883e+00
1.489999999999999991e+00
1.487999999999999989e+00
1.486000000000000210e+00
1.485000000000000098e+00
1.483999999999999986e+00
1.483999999999999986e+00
1.483999999999999986e+00
1.481999999999999984e+00
1.481999999999999984e+00
1.480999999999999872e+00
1.479000000000000092e+00
1.479000000000000092e+00
1.475999999999999979e+00
1.475000000000000089e+00
1.474000000000000199e+00
1.473999999999999977e+00
1.472999999999999865e+00
1.471999999999999975e+00
1.471000000000000085e+00
1.469000000000000083e+00
1.468999999999999861e+00
1.465999999999999970e+00
1.465999999999999970e+00
1.465999999999999970e+00
1.464999999999999858e+00
1.463999999999999968e+00
1.463000000000000078e+00
1.460999999999999854e+00
1.460999999999999854e+00
1.459999999999999964e+00
1.459000000000000075e+00
