1.000000000000000000e+00
1.000000000000000000e+00
1.000000000000000000e+00
1.000000000000000000e+00
1.000000000000000000e+00
1.000000000000000000e+00
1.000000000000000000e+00
1.000000000000000000e+00
1.000000000000000000e+00
1.000000000000000000e+00
1.000000000000000000e+00
1.000000000000000000e+00
1.000000000000000000e+00
1.000000000000000000e+00
1.000000000000000000e+00
1.000000000000000000e+00
1.000000000000000000e+00
1.000000000000000000e+00
1.000000000000000000e+00
1.000000000000000000e+00
1.000000000000000000e+00
1.000000000000000000e+00
1.000000000000000000e+00
1.000000000000000000e+00
1.000000000000000000e+00
1.000000000000000000e+00
1.000000000000000000e+00
1.000000000000000000e+00
1.000000000000000000e+00
1.000000000000000000e+00
1.000000000000000000e+00
1.000000000000000000e+00
1.000000000000000000e+00
1.000000000000000000e+00
1.000000000000000000e+00
1.000000000000000000e+00
1.000000000000000000e+00
1.000000000000000000e+00
1.000000000000000000e+00
1.000000000000000000e+00
1.000000000000000000e+00
1.000000000000000000e+00
1.000000000000000000e+00
1.000000000000000000e+00
1.000000000000000000e+00
1.000000000000000000e+00
1.000000000000000000e+00
1.000000000000000000e+00
1.000000000000000000e+00
1.000000000000000000e+00
1.000000000000000000e+00
1.000000000000000000e+00
1.000000000000000000e+00
1.000000000000000000e+00
1.000000000000000000e+00
1.000000000000000000e+00
1.000000000000000000e+00
1.000000000000000000e+00
1.000000000000000000e+00
1.000000000000000000e+00
1.000000000000000000e+00
1.000000000000000000e+00
1.000000000000000000e+00
1.000000000000000000e+00
1.000000000000000000e+00
1.000000000000000000e+00
1.000000000000000000e+00
1.000000000000000000e+00
1.000000000000000000e+00
1.000000000000000000e+00
1.000000000000000000e+00
1.000000000000000000e+00
1.000000000000000000e+00
1.000000000000000000e+00
1.000000000000000000e+00
1.000000000000000000e+00
1.000000000000000000e+00
1.000000000000000000e+00
1.000000000000000000e+00
1.000000000000000000e+00
1.000000000000000000e+00
1.000000000000000000e+00
1.000000000000000000e+00
1.000000000000000000e+00
1.000000000000000000e+00
1.000000000000000000e+00
1.000000000000000000e+00
1.000000000000000000e+00
1.000000000000000000e+00
1.000000000000000000e+00
1.000000000000000000e+00
1.000000000000000000e+00
1.000000000000000000e+00
1.000000000000000000e+00
1.000000000000000000e+00
1.000000000000000000e+00
1.000000000000000000e+00
1.000000000000000000e+00
1.000000000000000000e+00
1.000000000000000000e+00
1.000000000000000000e+00
1.000000000000000000e+00
1.000000000000000000e+00
1.000000000000000000e+00
1.000000000000000000e+00
1.000000000000000000e+00
1.000000000000000000e+00
1.000000000000000000e+00
1.000000000000000000e+00
1.000000000000000000e+00
1.000000000000000000e+00
1.000000000000000000e+00
1.000000000000000000e+00
1.000000000000000000e+00
1.000000000000000000e+00
1.000000000000000000e+00
1.000000000000000000e+00
1.000000000000000000e+00
1.000000000000000000e+00
1.000000000000000000e+00
1.000000000000000000e+00
1.000000000000000000e+00
1.000000000000000000e+00
1.000000000000000000e+00
1.000000000000000000e+00
1.000000000000000000e+00
1.000000000000000000e+00
1.000000000000000000e+00
1.000000000000000000e+00
1.000000000000000000e+00
1.000000000000000000e+00
1.000000000000000000e+00
1.000000000000000000e+00
1.000000000000000000e+00
1.000000000000000000e+00
1.000000000000000000e+00
1.000000000000000000e+00
1.000000000000000000e+00
1.000000000000000000e+00
1.000000000000000000e+00
1.000000000000000000e+00
1.000000000000000000e+00
1.000000000000000000e+00
1.000000000000000000e+00
1.000000000000000000e+00
1.000000000000000000e+00
1.000000000000000000e+00
1.000000000000000000e+00
1.000000000000000000e+00
1.000000000000000000e+00
1.000000000000000000e+00
1.000000000000000000e+00
1.000000000000000000e+00
1.000000000000000000e+00
1.000000000000000000e+00
1.000000000000000000e+00
1.000000000000000000e+00
1.000000000000000000e+00
1.000000000000000000e+00
1.000000000000000000e+00
1.000000000000000000e+00
1.000000000000000000e+00
9.951999999999998625e-01
9.951999999999998625e-01
9.951999999999998625e-01
9.948999999999998956e-01
9.217999999999999527e-01
9.217999999999999527e-01
9.092000000000000082e-01
9.014999999999999680e-01
8.628000000000000114e-01
8.614999999999999325e-01
8.597999999999998977e-01
8.574000000000000510e-01
8.558999999999999941e-01
8.503000000000000558e-01
8.397999999999999909e-01
8.380999999999999561e-01
8.362999999999999323e-01
8.329999999999999627e-01
8.294999999999999041e-01
8.187999999999999723e-01
8.139999999999998348e-01
8.121999999999999220e-01
8.108999999999999542e-01
8.097999999999999643e-01
8.068999999999999506e-01
8.063999999999998947e-01
8.042999999999999039e-01
8.032000000000000250e-01
8.030999999999999250e-01
8.027999999999999581e-01
8.022999999999999021e-01
8.020000000000000462e-01
8.014999999999998792e-01
8.006999999999999673e-01
7.998999999999999444e-01
7.985999999999999766e-01
7.977999999999999536e-01
7.973000000000000087e-01
7.966999999999999638e-01
7.952999999999998959e-01
7.948999999999999400e-01
7.940999999999999170e-01
7.929999999999999272e-01
7.928999999999999382e-01
7.923000000000000043e-01
7.922000000000000153e-01
7.919999999999999263e-01
7.894999999999998685e-01
7.891999999999999016e-01
7.885999999999998566e-01
7.880999999999999117e-01
7.878999999999999337e-01
7.878999999999999337e-01
7.876999999999999558e-01
7.876999999999999558e-01
7.873999999999999888e-01
7.866999999999999549e-01
7.864999999999999769e-01
7.863999999999999879e-01
7.853999999999999870e-01
7.852999999999999980e-01
7.852999999999998870e-01
7.849999999999999201e-01
7.848999999999999311e-01
7.843999999999999861e-01
7.840000000000000302e-01
7.835999999999998522e-01
7.829999999999999183e-01
7.822000000000000064e-01
7.817999999999999394e-01
7.815999999999998504e-01
7.801999999999998936e-01
7.797999999999999376e-01
7.794999999999999707e-01
7.788999999999999257e-01
7.786999999999999478e-01
7.779000000000000359e-01
7.775999999999999579e-01
7.772000000000000020e-01
7.767999999999999350e-01
7.765999999999999570e-01
7.751999999999998892e-01
7.742999999999999883e-01
7.740999999999998993e-01
7.738999999999999213e-01
7.733999999999999764e-01
7.728999999999999204e-01
7.727999999999999314e-01
7.712999999999998746e-01
7.711999999999998856e-01
7.709999999999999076e-01
7.707999999999999297e-01
7.704999999999999627e-01
7.701999999999999957e-01
7.698000000000000398e-01
7.697999999999999288e-01
7.691000000000000059e-01
7.682999999999999829e-01
7.680000000000000160e-01
7.674999999999999600e-01
7.663999999999998591e-01
7.661999999999998812e-01
7.656999999999999362e-01
7.655999999999999472e-01
7.646999999999999353e-01
7.646999999999999353e-01
7.643999999999999684e-01
7.634999999999998455e-01
7.627999999999999226e-01
7.617999999999999217e-01
7.592999999999999750e-01
7.590999999999999970e-01
7.585999999999999410e-01
7.584999999999999520e-01
7.581999999999999851e-01
7.578000000000000291e-01
7.567999999999999172e-01
7.562999999999998613e-01
7.561999999999998723e-01
7.548999999999999044e-01
7.547999999999999154e-01
7.547000000000000375e-01
7.545999999999999375e-01
7.542999999999999705e-01
7.530999999999999917e-01
7.526999999999999247e-01
7.522999999999999687e-01
7.520000000000000018e-01
7.511999999999999789e-01
7.505999999999998229e-01
7.505999999999998229e-01
7.504999999999999449e-01
7.504999999999999449e-01
7.503999999999999559e-01
7.498000000000000220e-01
7.490999999999999881e-01
7.487999999999999101e-01
7.486999999999999211e-01
7.475999999999999313e-01
7.470999999999998753e-01
7.464999999999999414e-01
7.462999999999999634e-01
7.462999999999999634e-01
7.457999999999999075e-01
7.457999999999999075e-01
7.456000000000000405e-01
7.455999999999999295e-01
7.455000000000000515e-01
7.452999999999999625e-01
7.450999999999999845e-01
7.449999999999998845e-01
7.448999999999998956e-01
7.436000000000000387e-01
7.434999999999999387e-01
7.427999999999999048e-01
7.424999999999999378e-01
7.412999999999999590e-01
7.410999999999999810e-01
7.406000000000000361e-01
7.403999999999999471e-01
7.399999999999998801e-01
7.399000000000000021e-01
7.397999999999999021e-01
7.395999999999999241e-01
7.394999999999999352e-01
7.394000000000000572e-01
7.389999999999999902e-01
7.384999999999999343e-01
7.382999999999999563e-01
7.379000000000000004e-01
7.377000000000000224e-01
7.374999999999999334e-01
7.373999999999999444e-01
7.373999999999999444e-01
7.371999999999999664e-01
7.371999999999999664e-01
7.369999999999998774e-01
7.367999999999998995e-01
7.366000000000000325e-01
7.365999999999999215e-01
7.362999999999999545e-01
7.360999999999999766e-01
7.359999999999999876e-01
7.357999999999998986e-01
7.357000000000000206e-01
7.356999999999999096e-01
7.348999999999999977e-01
7.347999999999998977e-01
7.346000000000000307e-01
7.346000000000000307e-01
7.342999999999999527e-01
7.338999999999999968e-01
7.338999999999999968e-01
7.334999999999999298e-01
7.334000000000000519e-01
7.332999999999999519e-01
7.328999999999999959e-01
7.328999999999999959e-01
7.319999999999999840e-01
7.318000000000000060e-01
7.315000000000000391e-01
7.311999999999999611e-01
7.306000000000000272e-01
7.305000000000000382e-01
7.304999999999999272e-01
7.300999999999999712e-01
7.297999999999998932e-01
7.295000000000000373e-01
7.294000000000000483e-01
7.292999999999999483e-01
7.288999999999999924e-01
7.287000000000000144e-01
7.286999999999999034e-01
7.286000000000000254e-01
7.279999999999999805e-01
7.276000000000000245e-01
7.275999999999999135e-01
7.275999999999999135e-01
7.270999999999999686e-01
7.270999999999999686e-01
7.266999999999999016e-01
7.265999999999999126e-01
7.262999999999999456e-01
7.262999999999999456e-01
7.262000000000000677e-01
7.261999999999998456e-01
7.256000000000000227e-01
7.251999999999999558e-01
7.248999999999999888e-01
7.247000000000000108e-01
7.245000000000000329e-01
7.240999999999998549e-01
7.238999999999999879e-01
7.237999999999998879e-01
7.237999999999998879e-01
7.234000000000000430e-01
7.232000000000000650e-01
7.225999999999999091e-01
7.223999999999999311e-01
7.221999999999999531e-01
7.220999999999999641e-01
7.219999999999999751e-01
7.217999999999998861e-01
7.215999999999999082e-01
7.213999999999999302e-01
7.213000000000000522e-01
7.211000000000000743e-01
7.209999999999999742e-01
7.209999999999999742e-01
7.207999999999999963e-01
7.207999999999998852e-01
7.205999999999999073e-01
7.202999999999999403e-01
7.198999999999999844e-01
7.198999999999999844e-01
7.197999999999999954e-01
7.197000000000000064e-01
7.196000000000000174e-01
7.195999999999999064e-01
7.194999999999999174e-01
7.192000000000000615e-01
7.189999999999999725e-01
7.181999999999999496e-01
7.181999999999999496e-01
7.181000000000000716e-01
7.177999999999999936e-01
7.177000000000000046e-01
7.176999999999998936e-01
7.171000000000000707e-01
7.168999999999999817e-01
7.166000000000000147e-01
7.163999999999999257e-01
7.159999999999999698e-01
7.154000000000000359e-01
7.154000000000000359e-01
7.153999999999999249e-01
7.151999999999999469e-01
7.139999999999999680e-01
7.137999999999998790e-01
7.131000000000000671e-01
7.123999999999999222e-01
7.121999999999999442e-01
7.120999999999999552e-01
7.119999999999999662e-01
7.118999999999999773e-01
7.118999999999999773e-01
7.117999999999999883e-01
7.111999999999999433e-01
7.111000000000000654e-01
7.109999999999999654e-01
7.109999999999999654e-01
7.109999999999998543e-01
7.106999999999998874e-01
7.106000000000000094e-01
7.103999999999999204e-01
7.103999999999999204e-01
7.097999999999998755e-01
7.097999999999998755e-01
7.096999999999999975e-01
7.096999999999999975e-01
7.096999999999998865e-01
7.095999999999998975e-01
7.093999999999999195e-01
7.089999999999999636e-01
7.088999999999998636e-01
7.083999999999999186e-01
7.080999999999999517e-01
7.080999999999999517e-01
7.078999999999999737e-01
7.078999999999998627e-01
7.076999999999999957e-01
7.075000000000000178e-01
7.073999999999999178e-01
7.072999999999999288e-01
7.070999999999999508e-01
7.069999999999999618e-01
7.059999999999999609e-01
7.056999999999999940e-01
7.056999999999999940e-01
7.054000000000000270e-01
7.054000000000000270e-01
7.053000000000000380e-01
7.050999999999999490e-01
7.049999999999998490e-01
7.049000000000000821e-01
7.048999999999999710e-01
7.048999999999999710e-01
7.046000000000000041e-01
7.043999999999999151e-01
7.041999999999999371e-01
7.041999999999999371e-01
7.040999999999999481e-01
7.038999999999999702e-01
7.038999999999999702e-01
7.037999999999999812e-01
7.030000000000000693e-01
7.026999999999999913e-01
7.023999999999999133e-01
7.022999999999999243e-01
7.022999999999999243e-01
7.019999999999999574e-01
7.018999999999999684e-01
7.015000000000000124e-01
7.015000000000000124e-01
7.012000000000000455e-01
7.012000000000000455e-01
7.008000000000000895e-01
7.007999999999999785e-01
7.006999999999998785e-01
7.001999999999999336e-01
6.998999999999999666e-01
6.997999999999999776e-01
6.995000000000000107e-01
6.993000000000000327e-01
6.991999999999999327e-01
6.990999999999999437e-01
6.988999999999999657e-01
6.987999999999999767e-01
6.980999999999999428e-01
6.980000000000000648e-01
6.978999999999998538e-01
6.977999999999999758e-01
6.976999999999999869e-01
6.975000000000000089e-01
6.974000000000000199e-01
6.972999999999999199e-01
6.971999999999999309e-01
6.971999999999999309e-01
6.970999999999999419e-01
6.970000000000000639e-01
6.970000000000000639e-01
6.969999999999999529e-01
6.964999999999998970e-01
6.964000000000000190e-01
6.963000000000000300e-01
6.961999999999999300e-01
6.960999999999999410e-01
6.957999999999999741e-01
6.956999999999998741e-01
6.949999999999999512e-01
6.948999999999999622e-01
6.941999999999999282e-01
6.940999999999999392e-01
6.940000000000000613e-01
6.938999999999999613e-01
6.937999999999999723e-01
6.937999999999998613e-01
6.935999999999999943e-01
6.935999999999998833e-01
6.933000000000000274e-01
6.931999999999999273e-01
6.931000000000000494e-01
6.925999999999998824e-01
6.925000000000000044e-01
6.923999999999999044e-01
6.922999999999999154e-01
6.920999999999999375e-01
6.919999999999999485e-01
6.918999999999999595e-01
6.917999999999999705e-01
6.915999999999999925e-01
6.911000000000000476e-01
6.909999999999999476e-01
6.904999999999998916e-01
6.904000000000000137e-01
6.903000000000000247e-01
6.901999999999999247e-01
6.899999999999999467e-01
6.885999999999999899e-01
6.884000000000000119e-01
6.884000000000000119e-01
6.883999999999999009e-01
6.881999999999999229e-01
6.880999999999999339e-01
6.876999999999999780e-01
6.876999999999999780e-01
6.875999999999999890e-01
6.874999999999998890e-01
6.872000000000000330e-01
6.865999999999999881e-01
6.865999999999999881e-01
6.864000000000000101e-01
6.862000000000000322e-01
6.862000000000000322e-01
6.856999999999999762e-01
6.855999999999999872e-01
6.855999999999998762e-01
6.851000000000000423e-01
6.850999999999999313e-01
6.850000000000000533e-01
6.848999999999999533e-01
6.848000000000000753e-01
6.847999999999999643e-01
6.844000000000000083e-01
6.843000000000000194e-01
6.838999999999999524e-01
6.835999999999999854e-01
6.835999999999999854e-01
6.830999999999999295e-01
6.829000000000000625e-01
6.825999999999999845e-01
6.825999999999998735e-01
6.824999999999999956e-01
6.821999999999999176e-01
6.819999999999999396e-01
6.818999999999999506e-01
6.816999999999999726e-01
6.815999999999999837e-01
6.814999999999999947e-01
6.812000000000000277e-01
6.810000000000000497e-01
6.807999999999999607e-01
6.797999999999999599e-01
6.796999999999999709e-01
6.794000000000000039e-01
6.791000000000000369e-01
6.786999999999999700e-01
6.785999999999999810e-01
6.783999999999998920e-01
6.782000000000000250e-01
6.781999999999999140e-01
6.781000000000000361e-01
6.779999999999999361e-01
6.776999999999999691e-01
6.774999999999998801e-01
6.774000000000000021e-01
6.771999999999999131e-01
6.771999999999999131e-01
6.769000000000000572e-01
6.766999999999999682e-01
6.766999999999999682e-01
6.766999999999999682e-01
6.765999999999999792e-01
6.765999999999999792e-01
6.764000000000000012e-01
6.753000000000000114e-01
6.752999999999999003e-01
6.751999999999999114e-01
6.750999999999999224e-01
6.744999999999999885e-01
6.743999999999999995e-01
6.743000000000000105e-01
6.742999999999998995e-01
6.742000000000000215e-01
6.740000000000000435e-01
6.737999999999999545e-01
6.736999999999998545e-01
6.735999999999999766e-01
6.735999999999999766e-01
6.733999999999999986e-01
6.732999999999998986e-01
6.727000000000000757e-01
6.726999999999999647e-01
6.726999999999999647e-01
6.725999999999999757e-01
6.725999999999999757e-01
6.724999999999998757e-01
6.723999999999998867e-01
6.723999999999998867e-01
6.723999999999998867e-01
6.717999999999999527e-01
6.716999999999999638e-01
6.715999999999999748e-01
6.713999999999999968e-01
6.711000000000000298e-01
6.709999999999999298e-01
6.709999999999999298e-01
6.707999999999999519e-01
6.703999999999999959e-01
6.702999999999998959e-01
6.696999999999999620e-01
6.694999999999999840e-01
6.689999999999999281e-01
6.689000000000000501e-01
6.686999999999999611e-01
6.683999999999999941e-01
6.683000000000000052e-01
6.677999999999999492e-01
6.675999999999999712e-01
6.674999999999999822e-01
6.674999999999999822e-01
6.673999999999999932e-01
6.673999999999999932e-01
6.672999999999998932e-01
6.672000000000000153e-01
6.671000000000000263e-01
6.665999999999999703e-01
6.663999999999998813e-01
6.658999999999999364e-01
6.657999999999999474e-01
6.656999999999999584e-01
6.652000000000000135e-01
6.650000000000000355e-01
6.648999999999999355e-01
6.647999999999999465e-01
6.647999999999999465e-01
6.645999999999999686e-01
6.643999999999999906e-01
6.643000000000000016e-01
6.638999999999999346e-01
6.633000000000000007e-01
6.630000000000000338e-01
6.630000000000000338e-01
6.628999999999999337e-01
6.624999999999999778e-01
6.624999999999998668e-01
6.619999999999999218e-01
6.614999999999999769e-01
6.613999999999999879e-01
6.612999999999999989e-01
6.611000000000000210e-01
6.611000000000000210e-01
6.610999999999999099e-01
6.607999999999999430e-01
6.606999999999999540e-01
6.606999999999999540e-01
6.605999999999999650e-01
6.605999999999999650e-01
6.603999999999999870e-01
6.601999999999998980e-01
6.599999999999999201e-01
6.598000000000000531e-01
6.597999999999999421e-01
6.597999999999999421e-01
6.592999999999998861e-01
6.589999999999999192e-01
6.589000000000000412e-01
6.585999999999999632e-01
6.585999999999999632e-01
6.584999999999998632e-01
6.579999999999999183e-01
6.576999999999999513e-01
6.575999999999999623e-01
6.574999999999999734e-01
6.569000000000000394e-01
6.568999999999999284e-01
6.567999999999999394e-01
6.567999999999999394e-01
6.563999999999999835e-01
6.559999999999999165e-01
6.558999999999999275e-01
6.557999999999999385e-01
6.556000000000000716e-01
6.555999999999999606e-01
6.552999999999999936e-01
6.552000000000000046e-01
6.550000000000000266e-01
6.549000000000000377e-01
6.548999999999999266e-01
6.548999999999999266e-01
6.547999999999999376e-01
6.546999999999999487e-01
6.545999999999998487e-01
6.543999999999999817e-01
6.542999999999999927e-01
6.540999999999999037e-01
6.539999999999999147e-01
6.539999999999999147e-01
6.539999999999999147e-01
6.537999999999999368e-01
6.531000000000000139e-01
6.529999999999999138e-01
6.526999999999999469e-01
6.526999999999999469e-01
6.525999999999999579e-01
6.525999999999999579e-01
6.523999999999998689e-01
6.522000000000000020e-01
6.521000000000000130e-01
6.519999999999999130e-01
6.518999999999999240e-01
6.515999999999999570e-01
6.514999999999999680e-01
6.511999999999998900e-01
6.511999999999998900e-01
6.510999999999999011e-01
6.509000000000000341e-01
6.508999999999999231e-01
6.502000000000000002e-01
6.502000000000000002e-01
6.502000000000000002e-01
6.501000000000000112e-01
6.499000000000000332e-01
6.498999999999999222e-01
6.498999999999999222e-01
6.497999999999999332e-01
6.495999999999999552e-01
6.494999999999999662e-01
6.493999999999999773e-01
6.491999999999999993e-01
6.491999999999999993e-01
6.486000000000000654e-01
6.485999999999999543e-01
6.483999999999999764e-01
6.483999999999999764e-01
6.479000000000000314e-01
6.478999999999999204e-01
6.475999999999999535e-01
6.475999999999999535e-01
6.473999999999999755e-01
6.472999999999999865e-01
6.471000000000000085e-01
6.471000000000000085e-01
6.469000000000000306e-01
6.465999999999998415e-01
6.463999999999999746e-01
6.463999999999999746e-01
6.459000000000000297e-01
6.454999999999999627e-01
6.452999999999999847e-01
6.452999999999999847e-01
6.451999999999999957e-01
6.451999999999998847e-01
6.451999999999998847e-01
6.450999999999998957e-01
6.450000000000000178e-01
6.448999999999999178e-01
6.444999999999999618e-01
6.443999999999999728e-01
6.442999999999999838e-01
6.442999999999999838e-01
6.440999999999998948e-01
6.440000000000000169e-01
6.438000000000000389e-01
6.436999999999999389e-01
6.429000000000000270e-01
6.425999999999999490e-01
6.423999999999998600e-01
6.422999999999999821e-01
6.421999999999998820e-01
6.417999999999999261e-01
6.416999999999999371e-01
6.413999999999999702e-01
6.412999999999999812e-01
6.410000000000000142e-01
6.408999999999999142e-01
6.407999999999999252e-01
6.404999999999999583e-01
6.404999999999999583e-01
6.403999999999999693e-01
6.400999999999998913e-01
6.399000000000000243e-01
6.397999999999999243e-01
6.396999999999999353e-01
6.395999999999999464e-01
6.395999999999999464e-01
6.394999999999999574e-01
6.390999999999998904e-01
6.389999999999999014e-01
6.386999999999999345e-01
6.386999999999999345e-01
6.383999999999999675e-01
6.381999999999999895e-01
6.381000000000000005e-01
6.379999999999999005e-01
6.377999999999999226e-01
6.376999999999999336e-01
6.368999999999999106e-01
6.361999999999999877e-01
6.361999999999998767e-01
6.360999999999998877e-01
6.355999999999999428e-01
6.355999999999999428e-01
6.354999999999999538e-01
6.354999999999999538e-01
6.353999999999999648e-01
6.350999999999999979e-01
6.349000000000000199e-01
6.348999999999999089e-01
6.345999999999999419e-01
6.342999999999998639e-01
6.341999999999998749e-01
6.340999999999999970e-01
6.340000000000000080e-01
6.340000000000000080e-01
6.337999999999999190e-01
6.334999999999999520e-01
6.333999999999999631e-01
6.331999999999999851e-01
6.330000000000000071e-01
6.329999999999998961e-01
6.328000000000000291e-01
6.327999999999999181e-01
6.327999999999999181e-01
6.325000000000000622e-01
6.324999999999999512e-01
6.322999999999999732e-01
6.322999999999999732e-01
6.322999999999998622e-01
6.321999999999999842e-01
6.319999999999998952e-01
6.319999999999998952e-01
6.319000000000000172e-01
6.319000000000000172e-01
6.316999999999999282e-01
6.315999999999999392e-01
6.313999999999999613e-01
6.312999999999999723e-01
6.312999999999999723e-01
6.311999999999999833e-01
6.310000000000000053e-01
6.309000000000000163e-01
6.308000000000000274e-01
6.307999999999999163e-01
6.306999999999999273e-01
6.305999999999999384e-01
6.302999999999999714e-01
6.300999999999999934e-01
6.299000000000000155e-01
6.298000000000000265e-01
6.298000000000000265e-01
6.295999999999999375e-01
6.291999999999998705e-01
6.288999999999999035e-01
6.288999999999999035e-01
6.288000000000000256e-01
6.285999999999999366e-01
6.283999999999999586e-01
6.282999999999999696e-01
6.281999999999999806e-01
6.281999999999998696e-01
6.273999999999999577e-01
6.271999999999999797e-01
6.271999999999999797e-01
6.271999999999999797e-01
6.267000000000000348e-01
6.265999999999999348e-01
6.265000000000000568e-01
6.264999999999999458e-01
6.263999999999999568e-01
6.262999999999999678e-01
6.260999999999999899e-01
6.255999999999999339e-01
6.250000000000000000e-01
6.248999999999999000e-01
6.248999999999999000e-01
6.244999999999999440e-01
6.244000000000000661e-01
6.243999999999998440e-01
6.239999999999999991e-01
6.239999999999999991e-01
6.239999999999999991e-01
6.238999999999998991e-01
6.238000000000000211e-01
6.234999999999999432e-01
6.234999999999999432e-01
6.234999999999999432e-01
6.233999999999999542e-01
6.231999999999999762e-01
6.229999999999998872e-01
6.219999999999999973e-01
6.219999999999999973e-01
6.219999999999999973e-01
6.218999999999998973e-01
6.218000000000000194e-01
6.217000000000000304e-01
6.216999999999999194e-01
6.211999999999999744e-01
6.210999999999999854e-01
6.210999999999999854e-01
6.210999999999999854e-01
6.209999999999999964e-01
6.208000000000000185e-01
6.207000000000000295e-01
6.205999999999999295e-01
6.203999999999999515e-01
6.201999999999999735e-01
6.200999999999999845e-01
6.200999999999999845e-01
6.199999999999999956e-01
6.199000000000000066e-01
6.194999999999999396e-01
6.193999999999999506e-01
6.189999999999999947e-01
6.189000000000000057e-01
6.189000000000000057e-01
6.189000000000000057e-01
6.187999999999999057e-01
6.186000000000000387e-01
6.186000000000000387e-01
6.182999999999999607e-01
6.180999999999999828e-01
6.179000000000000048e-01
6.176999999999999158e-01
6.175999999999999268e-01
6.173999999999999488e-01
6.171999999999999709e-01
6.169999999999999929e-01
6.169999999999999929e-01
6.168000000000000149e-01
6.159999999999999920e-01
6.159000000000000030e-01
6.155999999999999250e-01
6.155999999999999250e-01
6.154999999999999361e-01
6.154999999999999361e-01
6.154999999999999361e-01
6.153999999999999471e-01
6.153999999999999471e-01
6.151999999999999691e-01
6.150999999999999801e-01
6.148000000000000131e-01
6.147000000000000242e-01
6.143999999999999462e-01
6.142999999999999572e-01
6.142999999999999572e-01
6.142999999999999572e-01
6.140999999999999792e-01
6.135999999999999233e-01
6.135000000000000453e-01
6.129999999999999893e-01
6.125999999999999224e-01
6.125999999999999224e-01
6.122999999999999554e-01
6.121999999999999664e-01
6.119999999999999885e-01
6.118999999999999995e-01
6.118999999999999995e-01
6.118000000000000105e-01
6.118000000000000105e-01
6.115999999999999215e-01
6.115000000000000435e-01
6.114000000000000545e-01
6.111999999999999655e-01
6.108000000000000096e-01
6.107999999999998986e-01
6.102999999999999536e-01
6.096999999999999087e-01
6.095999999999999197e-01
6.093999999999999417e-01
6.088999999999999968e-01
6.088999999999999968e-01
6.084000000000000519e-01
6.080999999999999739e-01
6.080999999999999739e-01
6.076999999999999069e-01
6.074999999999999289e-01
6.069999999999999840e-01
6.069999999999999840e-01
6.066999999999999060e-01
6.060999999999999721e-01
6.060999999999999721e-01
6.058999999999999941e-01
6.058999999999999941e-01
6.053999999999999382e-01
6.050999999999999712e-01
6.050999999999999712e-01
6.049999999999999822e-01
6.047000000000000153e-01
6.047000000000000153e-01
6.043999999999999373e-01
6.040999999999999703e-01
6.040999999999999703e-01
6.036000000000000254e-01
6.036000000000000254e-01
6.035999999999999144e-01
6.034999999999999254e-01
6.025999999999999135e-01
6.024999999999999245e-01
6.020999999999999686e-01
6.019999999999999796e-01
6.019999999999998685e-01
6.018999999999999906e-01
6.018999999999998796e-01
6.018000000000000016e-01
6.017999999999998906e-01
6.016000000000000236e-01
6.015999999999999126e-01
6.008000000000000007e-01
6.007000000000000117e-01
6.007000000000000117e-01
6.001999999999999558e-01
6.000999999999999668e-01
6.000999999999998558e-01
5.997999999999998888e-01
5.995999999999999108e-01
5.993999999999999329e-01
5.991999999999999549e-01
5.990999999999999659e-01
5.988999999999999879e-01
5.988999999999999879e-01
5.986000000000000210e-01
5.985999999999999099e-01
5.984000000000000430e-01
5.984000000000000430e-01
5.974999999999999201e-01
5.973999999999999311e-01
5.971999999999999531e-01
5.969999999999999751e-01
5.967999999999999972e-01
5.965999999999999082e-01
5.964000000000000412e-01
5.961999999999999522e-01
5.958999999999999853e-01
5.956000000000000183e-01
5.955999999999999073e-01
5.953999999999999293e-01
5.952999999999999403e-01
5.952999999999999403e-01
5.951999999999999513e-01
5.947000000000000064e-01
5.947000000000000064e-01
5.945000000000000284e-01
5.944000000000000394e-01
5.943999999999999284e-01
5.943000000000000504e-01
5.940999999999999615e-01
5.931999999999999496e-01
5.930999999999999606e-01
5.930999999999999606e-01
5.930999999999999606e-01
5.924000000000000377e-01
5.923000000000000487e-01
5.921999999999999487e-01
5.920999999999999597e-01
5.918999999999999817e-01
5.918999999999999817e-01
5.913999999999999257e-01
5.913999999999999257e-01
5.913999999999999257e-01
5.912999999999999368e-01
5.912999999999999368e-01
5.911999999999999478e-01
5.911999999999999478e-01
5.909999999999998588e-01
5.908999999999999808e-01
5.908999999999999808e-01
5.907000000000000028e-01
5.904999999999999138e-01
5.904000000000000359e-01
5.902999999999999359e-01
5.901999999999999469e-01
5.900999999999999579e-01
5.898999999999999799e-01
5.897000000000000020e-01
5.896000000000000130e-01
5.894999999999999130e-01
5.894999999999999130e-01
5.893999999999999240e-01
5.892999999999999350e-01
5.891999999999999460e-01
5.891999999999999460e-01
5.887999999999998790e-01
5.885000000000000231e-01
5.883999999999999231e-01
5.882999999999999341e-01
5.881000000000000671e-01
5.878999999999999782e-01
5.878999999999999782e-01
5.876000000000000112e-01
5.874999999999999112e-01
5.873999999999999222e-01
5.872000000000000552e-01
5.867999999999999883e-01
5.864000000000000323e-01
5.863999999999999213e-01
5.862999999999999323e-01
5.860999999999999543e-01
5.854999999999999094e-01
5.853999999999999204e-01
5.849999999999999645e-01
5.849999999999999645e-01
5.848999999999999755e-01
5.847999999999999865e-01
5.845000000000000195e-01
5.839999999999999636e-01
5.836999999999999966e-01
5.836000000000000076e-01
5.830999999999999517e-01
5.823999999999999178e-01
5.822999999999999288e-01
5.816999999999998838e-01
5.813999999999999169e-01
5.811999999999999389e-01
5.810999999999999499e-01
5.808999999999999719e-01
5.802000000000000490e-01
5.802000000000000490e-01
5.801999999999999380e-01
5.796999999999999931e-01
5.794000000000000261e-01
5.792999999999999261e-01
5.790999999999999481e-01
5.787999999999999812e-01
5.787999999999998701e-01
5.784999999999999032e-01
5.782999999999999252e-01
5.779999999999999583e-01
5.777999999999999803e-01
5.777999999999999803e-01
5.776999999999999913e-01
5.775000000000000133e-01
5.774999999999999023e-01
5.773999999999999133e-01
5.772999999999999243e-01
5.768999999999999684e-01
5.763000000000000345e-01
5.760999999999999455e-01
5.760999999999999455e-01
5.757999999999999785e-01
5.756999999999999895e-01
5.755000000000000115e-01
5.749999999999999556e-01
5.749999999999999556e-01
5.747999999999998666e-01
5.746999999999999886e-01
5.745000000000000107e-01
5.743999999999999106e-01
5.737999999999999767e-01
5.733999999999999098e-01
5.732999999999999208e-01
5.730999999999999428e-01
5.727999999999999758e-01
5.726999999999999869e-01
5.725000000000000089e-01
5.716999999999998749e-01
5.715999999999998860e-01
5.711999999999999300e-01
5.711000000000000520e-01
5.709999999999999520e-01
5.707999999999999741e-01
5.707999999999999741e-01
5.706999999999999851e-01
5.706999999999999851e-01
5.705000000000000071e-01
5.697999999999998622e-01
5.694000000000000172e-01
5.694000000000000172e-01
5.693000000000000282e-01
5.691999999999999282e-01
5.690999999999999392e-01
5.688999999999999613e-01
5.688999999999999613e-01
5.687999999999999723e-01
5.686999999999999833e-01
5.685999999999998833e-01
5.684000000000000163e-01
5.683000000000000274e-01
5.680999999999999384e-01
5.679999999999999494e-01
5.678999999999999604e-01
5.678999999999999604e-01
5.677999999999999714e-01
5.671999999999999265e-01
5.670999999999999375e-01
5.668999999999999595e-01
