2.000000000000000000e+00
2.000000000000000000e+00
2.000000000000000000e+00
2.000000000000000000e+00
2.000000000000000000e+00
2.000000000000000000e+00
2.000000000000000000e+00
2.000000000000000000e+00
2.000000000000000000e+00
2.000000000000000000e+00
2.000000000000000000e+00
2.000000000000000000e+00
2.000000000000000000e+00
2.000000000000000000e+00
2.000000000000000000e+00
2.000000000000000000e+00
2.000000000000000000e+00
2.000000000000000000e+00
2.000000000000000000e+00
2.000000000000000000e+00
2.000000000000000000e+00
2.000000000000000000e+00
2.000000000000000000e+00
2.000000000000000000e+00
2.000000000000000000e+00
2.000000000000000000e+00
2.000000000000000000e+00
2.000000000000000000e+00
2.000000000000000000e+00
2.000000000000000000e+00
2.000000000000000000e+00
2.000000000000000000e+00
2.000000000000000000e+00
2.000000000000000000e+00
2.000000000000000000e+00
2.000000000000000000e+00
2.000000000000000000e+00
2.000000000000000000e+00
2.000000000000000000e+00
2.000000000000000000e+00
2.000000000000000000e+00
2.000000000000000000e+00
2.000000000000000000e+00
2.000000000000000000e+00
2.000000000000000000e+00
2.000000000000000000e+00
2.000000000000000000e+00
2.000000000000000000e+00
2.000000000000000000e+00
2.000000000000000000e+00
2.000000000000000000e+00
2.000000000000000000e+00
2.000000000000000000e+00
2.000000000000000000e+00
2.000000000000000000e+00
2.000000000000000000e+00
2.000000000000000000e+00
2.000000000000000000e+00
2.000000000000000000e+00
2.000000000000000000e+00
2.000000000000000000e+00
2.000000000000000000e+00
2.000000000000000000e+00
2.000000000000000000e+00
2.000000000000000000e+00
2.000000000000000000e+00
2.000000000000000000e+00
2.000000000000000000e+00
2.000000000000000000e+00
2.000000000000000000e+00
2.000000000000000000e+00
2.000000000000000000e+00
2.000000000000000000e+00
2.000000000000000000e+00
2.000000000000000000e+00
2.000000000000000000e+00
2.000000000000000000e+00
2.000000000000000000e+00
2.000000000000000000e+00
2.000000000000000000e+00
2.000000000000000000e+00
2.000000000000000000e+00
2.000000000000000000e+00
2.000000000000000000e+00
2.000000000000000000e+00
2.000000000000000000e+00
2.000000000000000000e+00
2.000000000000000000e+00
2.000000000000000000e+00
2.000000000000000000e+00
2.000000000000000000e+00
2.000000000000000000e+00
2.000000000000000000e+00
2.000000000000000000e+00
2.000000000000000000e+00
2.000000000000000000e+00
2.000000000000000000e+00
2.000000000000000000e+00
2.000000000000000000e+00
2.000000000000000000e+00
2.000000000000000000e+00
2.000000000000000000e+00
2.000000000000000000e+00
2.000000000000000000e+00
2.000000000000000000e+00
2.000000000000000000e+00
2.000000000000000000e+00
2.000000000000000000e+00
2.000000000000000000e+00
2.000000000000000000e+00
2.000000000000000000e+00
2.000000000000000000e+00
2.000000000000000000e+00
2.000000000000000000e+00
2.000000000000000000e+00
2.000000000000000000e+00
2.000000000000000000e+00
2.000000000000000000e+00
2.000000000000000000e+00
2.000000000000000000e+00
2.000000000000000000e+00
2.000000000000000000e+00
2.000000000000000000e+00
2.000000000000000000e+00
2.000000000000000000e+00
2.000000000000000000e+00
2.000000000000000000e+00
2.000000000000000000e+00
2.000000000000000000e+00
2.000000000000000000e+00
2.000000000000000000e+00
2.000000000000000000e+00
2.000000000000000000e+00
2.000000000000000000e+00
2.000000000000000000e+00
2.000000000000000000e+00
2.000000000000000000e+00
2.000000000000000000e+00
2.000000000000000000e+00
2.000000000000000000e+00
2.000000000000000000e+00
2.000000000000000000e+00
2.000000000000000000e+00
2.000000000000000000e+00
2.000000000000000000e+00
2.000000000000000000e+00
2.000000000000000000e+00
2.000000000000000000e+00
2.000000000000000000e+00
2.000000000000000000e+00
2.000000000000000000e+00
2.000000000000000000e+00
2.000000000000000000e+00
2.000000000000000000e+00
2.000000000000000000e+00
2.000000000000000000e+00
2.000000000000000000e+00
2.000000000000000000e+00
2.000000000000000000e+00
2.000000000000000000e+00
2.000000000000000000e+00
2.000000000000000000e+00
2.000000000000000000e+00
2.000000000000000000e+00
2.000000000000000000e+00
2.000000000000000000e+00
2.000000000000000000e+00
2.000000000000000000e+00
2.000000000000000000e+00
2.000000000000000000e+00
2.000000000000000000e+00
2.000000000000000000e+00
2.000000000000000000e+00
2.000000000000000000e+00
2.000000000000000000e+00
2.000000000000000000e+00
2.000000000000000000e+00
2.000000000000000000e+00
2.000000000000000000e+00
2.000000000000000000e+00
2.000000000000000000e+00
2.000000000000000000e+00
2.000000000000000000e+00
2.000000000000000000e+00
2.000000000000000000e+00
2.000000000000000000e+00
2.000000000000000000e+00
2.000000000000000000e+00
2.000000000000000000e+00
2.000000000000000000e+00
2.000000000000000000e+00
2.000000000000000000e+00
2.000000000000000000e+00
2.000000000000000000e+00
2.000000000000000000e+00
2.000000000000000000e+00
2.000000000000000000e+00
2.000000000000000000e+00
2.000000000000000000e+00
2.000000000000000000e+00
2.000000000000000000e+00
2.000000000000000000e+00
2.000000000000000000e+00
2.000000000000000000e+00
2.000000000000000000e+00
2.000000000000000000e+00
1.979000000000000092e+00
1.979000000000000092e+00
1.923999999999999932e+00
1.923999999999999932e+00
1.913000000000000034e+00
1.913000000000000034e+00
1.862000000000000099e+00
1.842999999999999972e+00
1.779999999999999805e+00
1.779999999999999805e+00
1.770999999999999908e+00
1.770999999999999908e+00
1.753000000000000114e+00
1.752000000000000002e+00
1.745999999999999996e+00
1.713999999999999968e+00
1.705000000000000071e+00
1.703999999999999959e+00
1.701000000000000068e+00
1.701000000000000068e+00
1.694999999999999840e+00
1.693999999999999950e+00
1.689000000000000057e+00
1.684000000000000163e+00
1.680000000000000160e+00
1.678999999999999826e+00
1.677999999999999936e+00
1.677999999999999936e+00
1.673999999999999932e+00
1.673000000000000043e+00
1.669999999999999929e+00
1.667999999999999927e+00
1.667999999999999927e+00
1.667000000000000037e+00
1.667000000000000037e+00
1.664000000000000146e+00
1.664000000000000146e+00
1.656000000000000139e+00
1.655000000000000027e+00
1.655000000000000027e+00
1.655000000000000027e+00
1.647999999999999909e+00
1.645999999999999908e+00
1.643000000000000016e+00
1.643000000000000016e+00
1.643000000000000016e+00
1.643000000000000016e+00
1.637999999999999901e+00
1.637999999999999901e+00
1.636000000000000121e+00
1.635000000000000009e+00
1.635000000000000009e+00
1.622999999999999998e+00
1.621999999999999886e+00
1.621999999999999886e+00
1.620999999999999996e+00
1.618999999999999995e+00
1.618999999999999995e+00
1.612999999999999989e+00
1.612999999999999989e+00
1.612999999999999989e+00
1.612999999999999989e+00
1.611000000000000210e+00
1.611000000000000210e+00
1.608999999999999986e+00
1.602999999999999980e+00
1.601999999999999869e+00
1.597999999999999865e+00
1.590999999999999970e+00
1.590999999999999970e+00
1.588000000000000078e+00
1.588000000000000078e+00
1.576000000000000068e+00
1.575000000000000178e+00
1.575000000000000178e+00
1.569999999999999840e+00
1.568999999999999950e+00
1.567000000000000171e+00
1.567000000000000171e+00
1.564999999999999947e+00
1.564000000000000057e+00
1.563000000000000167e+00
1.562000000000000055e+00
1.562000000000000055e+00
1.554999999999999938e+00
1.554000000000000048e+00
1.553999999999999826e+00
1.550999999999999934e+00
1.548999999999999932e+00
1.548999999999999932e+00
1.548000000000000043e+00
1.544000000000000039e+00
1.544000000000000039e+00
1.544000000000000039e+00
1.540000000000000036e+00
1.536000000000000032e+00
1.532000000000000028e+00
1.532000000000000028e+00
1.524000000000000021e+00
1.524000000000000021e+00
1.520999999999999908e+00
1.520000000000000018e+00
1.519000000000000128e+00
1.518000000000000016e+00
1.518000000000000016e+00
1.518000000000000016e+00
1.514999999999999902e+00
1.514999999999999902e+00
1.514000000000000012e+00
1.514000000000000012e+00
1.510999999999999899e+00
1.510999999999999899e+00
1.510999999999999899e+00
1.510999999999999899e+00
1.510000000000000009e+00
1.508999999999999897e+00
1.508999999999999897e+00
1.508999999999999897e+00
1.508000000000000007e+00
1.508000000000000007e+00
1.506000000000000005e+00
1.506000000000000005e+00
1.506000000000000005e+00
1.504999999999999893e+00
1.504999999999999893e+00
1.504999999999999893e+00
1.504000000000000004e+00
1.503000000000000114e+00
1.502000000000000002e+00
1.502000000000000002e+00
1.500999999999999890e+00
1.500000000000000000e+00
1.497999999999999998e+00
1.497999999999999998e+00
1.496999999999999886e+00
1.495999999999999996e+00
1.493999999999999995e+00
1.492999999999999883e+00
1.492999999999999883e+00
1.485999999999999988e+00
1.485999999999999988e+00
1.485999999999999988e+00
1.484999999999999876e+00
1.484999999999999876e+00
1.484999999999999876e+00
1.483000000000000096e+00
1.481999999999999984e+00
1.480999999999999872e+00
1.479999999999999982e+00
1.477000000000000091e+00
1.476999999999999869e+00
1.475999999999999979e+00
1.475999999999999979e+00
1.474000000000000199e+00
1.473999999999999977e+00
1.473999999999999977e+00
1.469000000000000083e+00
1.468999999999999861e+00
1.468999999999999861e+00
1.467000000000000082e+00
1.465000000000000080e+00
1.465000000000000080e+00
1.463999999999999968e+00
1.463999999999999968e+00
1.463000000000000078e+00
1.463000000000000078e+00
1.463000000000000078e+00
1.461999999999999966e+00
1.461999999999999966e+00
1.460999999999999854e+00
1.460999999999999854e+00
1.460999999999999854e+00
1.460999999999999854e+00
1.459999999999999964e+00
1.459999999999999964e+00
1.459000000000000075e+00
1.458000000000000185e+00
1.458000000000000185e+00
1.455000000000000071e+00
1.453999999999999959e+00
1.453999999999999959e+00
1.453000000000000069e+00
1.452999999999999847e+00
1.452999999999999847e+00
1.452999999999999847e+00
1.452999999999999847e+00
1.452999999999999847e+00
1.451999999999999957e+00
1.451999999999999957e+00
1.451000000000000068e+00
1.451000000000000068e+00
1.451000000000000068e+00
1.451000000000000068e+00
1.451000000000000068e+00
1.450000000000000178e+00
1.449000000000000066e+00
1.449000000000000066e+00
1.447000000000000064e+00
1.445999999999999952e+00
1.444999999999999840e+00
1.444999999999999840e+00
1.443000000000000060e+00
1.443000000000000060e+00
1.443000000000000060e+00
1.441000000000000059e+00
1.438000000000000167e+00
1.438000000000000167e+00
1.438000000000000167e+00
1.437999999999999945e+00
1.437999999999999945e+00
1.436999999999999833e+00
1.436999999999999833e+00
1.435999999999999943e+00
1.435000000000000053e+00
1.431000000000000050e+00
1.428999999999999826e+00
1.427000000000000046e+00
1.422000000000000153e+00
1.422000000000000153e+00
1.421999999999999931e+00
1.421000000000000041e+00
1.421000000000000041e+00
1.420999999999999819e+00
1.418000000000000149e+00
1.417000000000000037e+00
1.415999999999999925e+00
1.415999999999999925e+00
1.413000000000000034e+00
1.411999999999999922e+00
1.411000000000000032e+00
1.410000000000000142e+00
1.409999999999999920e+00
1.409000000000000030e+00
1.407000000000000028e+00
1.407000000000000028e+00
1.407000000000000028e+00
1.406000000000000139e+00
1.406000000000000139e+00
1.405999999999999917e+00
1.405999999999999917e+00
1.405000000000000027e+00
1.405000000000000027e+00
1.403999999999999915e+00
1.403999999999999915e+00
1.403999999999999915e+00
1.403999999999999915e+00
1.403000000000000025e+00
1.403000000000000025e+00
1.403000000000000025e+00
1.399999999999999911e+00
1.399999999999999911e+00
1.399000000000000021e+00
1.399000000000000021e+00
1.399000000000000021e+00
1.395999999999999908e+00
1.395999999999999908e+00
1.395999999999999908e+00
1.394000000000000128e+00
1.393000000000000016e+00
1.393000000000000016e+00
1.391000000000000014e+00
1.391000000000000014e+00
1.391000000000000014e+00
1.389000000000000012e+00
1.389000000000000012e+00
1.387999999999999901e+00
1.387999999999999901e+00
1.387000000000000011e+00
1.386000000000000121e+00
1.385000000000000009e+00
1.383999999999999897e+00
1.383999999999999897e+00
1.383999999999999897e+00
1.383999999999999897e+00
1.383999999999999897e+00
1.383000000000000007e+00
1.383000000000000007e+00
1.382000000000000117e+00
1.382000000000000117e+00
1.381000000000000005e+00
1.381000000000000005e+00
1.381000000000000005e+00
1.379999999999999893e+00
1.379000000000000004e+00
1.379000000000000004e+00
1.377000000000000002e+00
1.377000000000000002e+00
1.377000000000000002e+00
1.377000000000000002e+00
1.375999999999999890e+00
1.374000000000000110e+00
1.371999999999999886e+00
1.371999999999999886e+00
1.370000000000000107e+00
1.370000000000000107e+00
1.369000000000000217e+00
1.368999999999999995e+00
1.368999999999999995e+00
1.367999999999999883e+00
1.366999999999999993e+00
1.366999999999999993e+00
1.366999999999999993e+00
1.366000000000000103e+00
1.364999999999999991e+00
1.364999999999999991e+00
1.364999999999999991e+00
1.364999999999999991e+00
1.364999999999999991e+00
1.363999999999999879e+00
1.362999999999999989e+00
1.362000000000000099e+00
1.362000000000000099e+00
1.362000000000000099e+00
1.362000000000000099e+00
1.362000000000000099e+00
1.360999999999999988e+00
1.359999999999999876e+00
1.359999999999999876e+00
1.359999999999999876e+00
1.359999999999999876e+00
1.358999999999999986e+00
1.358999999999999986e+00
1.358999999999999986e+00
1.358999999999999986e+00
1.358000000000000096e+00
1.358000000000000096e+00
1.358000000000000096e+00
1.358000000000000096e+00
1.358000000000000096e+00
1.357000000000000206e+00
1.356999999999999984e+00
1.356000000000000094e+00
1.356000000000000094e+00
1.355999999999999872e+00
1.355999999999999872e+00
1.355999999999999872e+00
1.354000000000000092e+00
1.352999999999999980e+00
1.351999999999999869e+00
1.351999999999999869e+00
1.350999999999999979e+00
1.350999999999999979e+00
1.350999999999999979e+00
1.350999999999999979e+00
1.350000000000000089e+00
1.350000000000000089e+00
1.350000000000000089e+00
1.350000000000000089e+00
1.348999999999999977e+00
1.348999999999999977e+00
1.348000000000000087e+00
1.346999999999999975e+00
1.346999999999999975e+00
1.346000000000000085e+00
1.345000000000000195e+00
1.345000000000000195e+00
1.344999999999999973e+00
1.344999999999999973e+00
1.344999999999999973e+00
1.343999999999999861e+00
1.343999999999999861e+00
1.343999999999999861e+00
1.342999999999999972e+00
1.342000000000000082e+00
1.342000000000000082e+00
1.342000000000000082e+00
1.342000000000000082e+00
1.342000000000000082e+00
1.342000000000000082e+00
1.342000000000000082e+00
1.342000000000000082e+00
1.342000000000000082e+00
1.341000000000000192e+00
1.341000000000000192e+00
1.340999999999999970e+00
1.340000000000000080e+00
1.340000000000000080e+00
1.339999999999999858e+00
1.339999999999999858e+00
1.338999999999999968e+00
1.338999999999999968e+00
1.338000000000000078e+00
1.338000000000000078e+00
1.338000000000000078e+00
1.336000000000000076e+00
1.334999999999999964e+00
1.334999999999999964e+00
1.334000000000000075e+00
1.334000000000000075e+00
1.334000000000000075e+00
1.334000000000000075e+00
1.334000000000000075e+00
1.332000000000000073e+00
1.330999999999999961e+00
1.330000000000000071e+00
1.328000000000000069e+00
1.325000000000000178e+00
1.324999999999999956e+00
1.323999999999999844e+00
1.322000000000000064e+00
1.322000000000000064e+00
1.318999999999999950e+00
1.318999999999999950e+00
1.318000000000000060e+00
1.317000000000000171e+00
1.316000000000000059e+00
1.315999999999999837e+00
1.314999999999999947e+00
1.314999999999999947e+00
1.314999999999999947e+00
1.314000000000000057e+00
1.313000000000000167e+00
1.312999999999999945e+00
1.311999999999999833e+00
1.311999999999999833e+00
1.310999999999999943e+00
1.310999999999999943e+00
1.310000000000000053e+00
1.308000000000000052e+00
1.308000000000000052e+00
1.307999999999999829e+00
1.306999999999999940e+00
1.306999999999999940e+00
1.306999999999999940e+00
1.306999999999999940e+00
1.306999999999999940e+00
1.306000000000000050e+00
1.306000000000000050e+00
1.306000000000000050e+00
1.306000000000000050e+00
1.306000000000000050e+00
1.306000000000000050e+00
1.306000000000000050e+00
1.306000000000000050e+00
1.306000000000000050e+00
1.306000000000000050e+00
1.305000000000000160e+00
1.304999999999999938e+00
1.304000000000000048e+00
1.304000000000000048e+00
1.304000000000000048e+00
1.304000000000000048e+00
1.304000000000000048e+00
1.303999999999999826e+00
1.303999999999999826e+00
1.302999999999999936e+00
1.302999999999999936e+00
1.302999999999999936e+00
1.302000000000000046e+00
1.302000000000000046e+00
1.302000000000000046e+00
1.302000000000000046e+00
1.300999999999999934e+00
1.300999999999999934e+00
1.300999999999999934e+00
1.300000000000000044e+00
1.300000000000000044e+00
1.298999999999999932e+00
1.298999999999999932e+00
1.298000000000000043e+00
1.298000000000000043e+00
1.298000000000000043e+00
1.298000000000000043e+00
1.297000000000000153e+00
1.297000000000000153e+00
1.296999999999999931e+00
1.296999999999999931e+00
1.296999999999999931e+00
1.296999999999999931e+00
1.296999999999999931e+00
1.296000000000000041e+00
1.296000000000000041e+00
1.296000000000000041e+00
1.295999999999999819e+00
1.294999999999999929e+00
1.294000000000000039e+00
1.294000000000000039e+00
1.294000000000000039e+00
1.293000000000000149e+00
1.293000000000000149e+00
1.292000000000000037e+00
1.291999999999999815e+00
1.290999999999999925e+00
1.290999999999999925e+00
1.290999999999999925e+00
1.290999999999999925e+00
1.290999999999999925e+00
1.290999999999999925e+00
1.290999999999999925e+00
1.290999999999999925e+00
1.290000000000000036e+00
1.290000000000000036e+00
1.290000000000000036e+00
1.290000000000000036e+00
1.290000000000000036e+00
1.289000000000000146e+00
1.289000000000000146e+00
1.289000000000000146e+00
1.288999999999999924e+00
1.288000000000000034e+00
1.288000000000000034e+00
1.288000000000000034e+00
1.286999999999999922e+00
1.286999999999999922e+00
1.285000000000000142e+00
1.285000000000000142e+00
1.285000000000000142e+00
1.285000000000000142e+00
1.285000000000000142e+00
1.284999999999999920e+00
1.284999999999999920e+00
1.284000000000000030e+00
1.284000000000000030e+00
1.284000000000000030e+00
1.284000000000000030e+00
1.282999999999999918e+00
1.282999999999999918e+00
1.282000000000000028e+00
1.282000000000000028e+00
1.282000000000000028e+00
1.282000000000000028e+00
1.282000000000000028e+00
1.281000000000000139e+00
1.280999999999999917e+00
1.280999999999999917e+00
1.280000000000000027e+00
1.279999999999999805e+00
1.279999999999999805e+00
1.278999999999999915e+00
1.278999999999999915e+00
1.278000000000000025e+00
1.277000000000000135e+00
1.277000000000000135e+00
1.277000000000000135e+00
1.277000000000000135e+00
1.277000000000000135e+00
1.277000000000000135e+00
1.276999999999999913e+00
1.276999999999999913e+00
1.276999999999999913e+00
1.276999999999999913e+00
1.276999999999999913e+00
1.276000000000000023e+00
1.276000000000000023e+00
1.276000000000000023e+00
1.276000000000000023e+00
1.276000000000000023e+00
1.276000000000000023e+00
1.276000000000000023e+00
1.276000000000000023e+00
1.276000000000000023e+00
1.274999999999999911e+00
1.274999999999999911e+00
1.274999999999999911e+00
1.274999999999999911e+00
1.274999999999999911e+00
1.274000000000000021e+00
1.274000000000000021e+00
1.274000000000000021e+00
1.274000000000000021e+00
1.273000000000000131e+00
1.273000000000000131e+00
1.273000000000000131e+00
1.272000000000000020e+00
1.272000000000000020e+00
1.272000000000000020e+00
1.271999999999999797e+00
1.271000000000000130e+00
1.270999999999999908e+00
1.270999999999999908e+00
1.270000000000000018e+00
1.270000000000000018e+00
1.270000000000000018e+00
1.269000000000000128e+00
1.269000000000000128e+00
1.269000000000000128e+00
1.269000000000000128e+00
1.268999999999999906e+00
1.268000000000000016e+00
1.268000000000000016e+00
1.268000000000000016e+00
1.268000000000000016e+00
1.266999999999999904e+00
1.266999999999999904e+00
1.266000000000000014e+00
1.266000000000000014e+00
1.266000000000000014e+00
1.264000000000000012e+00
1.264000000000000012e+00
1.264000000000000012e+00
1.264000000000000012e+00
1.264000000000000012e+00
1.262999999999999901e+00
1.262000000000000011e+00
1.262000000000000011e+00
1.261000000000000121e+00
1.261000000000000121e+00
1.261000000000000121e+00
1.261000000000000121e+00
1.261000000000000121e+00
1.261000000000000121e+00
1.260999999999999899e+00
1.260999999999999899e+00
1.260000000000000009e+00
1.260000000000000009e+00
1.260000000000000009e+00
1.260000000000000009e+00
1.258999999999999897e+00
1.258999999999999897e+00
1.258000000000000007e+00
1.258000000000000007e+00
1.258000000000000007e+00
1.258000000000000007e+00
1.257000000000000117e+00
1.257000000000000117e+00
1.257000000000000117e+00
1.256000000000000005e+00
1.256000000000000005e+00
1.256000000000000005e+00
1.256000000000000005e+00
1.256000000000000005e+00
1.256000000000000005e+00
1.256000000000000005e+00
1.254999999999999893e+00
1.254999999999999893e+00
1.254000000000000004e+00
1.254000000000000004e+00
1.254000000000000004e+00
1.254000000000000004e+00
1.254000000000000004e+00
1.253000000000000114e+00
1.253000000000000114e+00
1.253000000000000114e+00
1.253000000000000114e+00
1.253000000000000114e+00
1.252999999999999892e+00
1.252000000000000002e+00
1.252000000000000002e+00
1.252000000000000002e+00
1.252000000000000002e+00
1.252000000000000002e+00
1.252000000000000002e+00
1.252000000000000002e+00
1.252000000000000002e+00
1.250999999999999890e+00
1.250999999999999890e+00
1.250000000000000000e+00
1.250000000000000000e+00
1.249000000000000110e+00
1.249000000000000110e+00
1.249000000000000110e+00
1.249000000000000110e+00
1.247999999999999998e+00
1.247999999999999998e+00
1.247999999999999998e+00
1.247999999999999998e+00
1.247999999999999998e+00
1.247999999999999998e+00
1.247000000000000108e+00
1.246999999999999886e+00
1.246999999999999886e+00
1.246999999999999886e+00
1.246999999999999886e+00
1.245999999999999996e+00
1.245999999999999996e+00
1.245999999999999996e+00
1.245999999999999996e+00
1.245999999999999996e+00
1.245999999999999996e+00
1.245999999999999996e+00
1.245000000000000107e+00
1.245000000000000107e+00
1.245000000000000107e+00
1.245000000000000107e+00
1.243999999999999995e+00
1.243000000000000105e+00
1.243000000000000105e+00
1.243000000000000105e+00
1.242999999999999883e+00
1.242999999999999883e+00
1.242999999999999883e+00
1.242999999999999883e+00
1.242999999999999883e+00
1.241999999999999993e+00
1.241999999999999993e+00
1.241999999999999993e+00
1.241999999999999993e+00
1.241000000000000103e+00
1.241000000000000103e+00
1.241000000000000103e+00
1.241000000000000103e+00
1.241000000000000103e+00
1.240999999999999881e+00
1.240999999999999881e+00
1.239999999999999991e+00
1.239999999999999991e+00
1.239999999999999991e+00
1.239999999999999991e+00
1.239999999999999991e+00
1.239999999999999991e+00
1.239000000000000101e+00
1.238999999999999879e+00
1.238999999999999879e+00
1.237999999999999989e+00
1.237999999999999989e+00
1.237999999999999989e+00
1.237000000000000099e+00
1.237000000000000099e+00
1.236999999999999877e+00
1.236999999999999877e+00
1.235999999999999988e+00
1.235999999999999988e+00
1.235999999999999988e+00
1.235999999999999988e+00
1.235999999999999988e+00
1.235000000000000098e+00
1.235000000000000098e+00
1.234999999999999876e+00
1.234999999999999876e+00
1.234999999999999876e+00
1.234999999999999876e+00
1.233999999999999986e+00
1.233999999999999986e+00
1.233999999999999986e+00
1.233999999999999986e+00
1.233999999999999986e+00
1.233000000000000096e+00
1.233000000000000096e+00
1.233000000000000096e+00
1.231999999999999984e+00
1.231999999999999984e+00
1.231999999999999984e+00
1.231999999999999984e+00
1.231999999999999984e+00
1.231000000000000094e+00
1.229999999999999982e+00
1.229999999999999982e+00
1.229999999999999982e+00
1.229000000000000092e+00
1.229000000000000092e+00
1.228000000000000203e+00
1.227999999999999980e+00
1.227999999999999980e+00
1.227000000000000091e+00
1.227000000000000091e+00
1.226999999999999869e+00
1.226999999999999869e+00
1.226999999999999869e+00
1.226999999999999869e+00
1.226999999999999869e+00
1.226999999999999869e+00
1.226999999999999869e+00
1.226999999999999869e+00
1.225999999999999979e+00
1.225999999999999979e+00
1.225000000000000089e+00
1.225000000000000089e+00
1.225000000000000089e+00
1.223999999999999977e+00
1.223999999999999977e+00
1.223999999999999977e+00
1.223999999999999977e+00
1.223000000000000087e+00
1.223000000000000087e+00
1.222999999999999865e+00
1.222999999999999865e+00
1.221999999999999975e+00
1.221999999999999975e+00
1.221999999999999975e+00
1.221000000000000085e+00
1.221000000000000085e+00
1.221000000000000085e+00
1.221000000000000085e+00
1.219999999999999973e+00
1.219999999999999973e+00
1.219999999999999973e+00
1.219999999999999973e+00
1.219999999999999973e+00
1.218999999999999861e+00
1.218999999999999861e+00
1.218999999999999861e+00
1.218999999999999861e+00
1.218999999999999861e+00
1.218999999999999861e+00
1.217999999999999972e+00
1.217999999999999972e+00
1.217999999999999972e+00
1.217999999999999972e+00
1.217999999999999972e+00
1.217999999999999972e+00
1.217999999999999972e+00
1.217999999999999972e+00
1.217000000000000082e+00
1.215999999999999970e+00
1.215999999999999970e+00
1.215000000000000080e+00
1.215000000000000080e+00
1.214999999999999858e+00
1.213999999999999968e+00
1.213999999999999968e+00
1.213999999999999968e+00
1.213999999999999968e+00
1.213999999999999968e+00
1.213999999999999968e+00
1.213999999999999968e+00
1.213999999999999968e+00
1.213000000000000078e+00
1.213000000000000078e+00
1.213000000000000078e+00
1.211999999999999966e+00
1.211999999999999966e+00
1.211999999999999966e+00
1.211999999999999966e+00
1.211999999999999966e+00
1.211000000000000076e+00
1.210999999999999854e+00
1.210999999999999854e+00
1.209999999999999964e+00
1.209999999999999964e+00
1.209999999999999964e+00
1.209999999999999964e+00
1.209999999999999964e+00
1.209000000000000075e+00
1.209000000000000075e+00
1.209000000000000075e+00
1.209000000000000075e+00
1.209000000000000075e+00
1.208000000000000185e+00
1.207999999999999963e+00
1.207999999999999963e+00
1.206999999999999851e+00
1.206999999999999851e+00
1.206999999999999851e+00
1.206999999999999851e+00
1.205999999999999961e+00
1.205999999999999961e+00
1.205999999999999961e+00
1.205999999999999961e+00
1.205999999999999961e+00
1.205999999999999961e+00
1.205000000000000071e+00
1.205000000000000071e+00
1.205000000000000071e+00
1.205000000000000071e+00
1.205000000000000071e+00
1.205000000000000071e+00
1.205000000000000071e+00
1.205000000000000071e+00
1.205000000000000071e+00
1.203999999999999959e+00
1.203999999999999959e+00
1.203999999999999959e+00
1.203000000000000069e+00
1.202999999999999847e+00
1.201999999999999957e+00
1.201000000000000068e+00
1.201000000000000068e+00
1.201000000000000068e+00
1.199999999999999956e+00
1.199999999999999956e+00
1.199999999999999956e+00
1.199999999999999956e+00
1.199999999999999956e+00
1.199999999999999956e+00
1.199999999999999956e+00
1.199999999999999956e+00
1.199999999999999956e+00
1.199000000000000066e+00
1.199000000000000066e+00
1.199000000000000066e+00
1.199000000000000066e+00
1.198999999999999844e+00
1.198999999999999844e+00
1.197999999999999954e+00
1.197000000000000064e+00
1.197000000000000064e+00
1.197000000000000064e+00
1.197000000000000064e+00
1.197000000000000064e+00
1.197000000000000064e+00
1.197000000000000064e+00
1.197000000000000064e+00
1.197000000000000064e+00
1.197000000000000064e+00
1.197000000000000064e+00
1.196000000000000174e+00
1.196000000000000174e+00
1.195999999999999952e+00
1.195000000000000062e+00
1.195000000000000062e+00
1.195000000000000062e+00
1.195000000000000062e+00
1.195000000000000062e+00
1.195000000000000062e+00
1.194999999999999840e+00
1.194999999999999840e+00
1.193999999999999950e+00
1.193999999999999950e+00
1.193999999999999950e+00
1.193999999999999950e+00
1.193999999999999950e+00
1.193999999999999950e+00
1.193999999999999950e+00
1.193000000000000060e+00
1.193000000000000060e+00
1.192000000000000171e+00
1.191999999999999948e+00
1.191999999999999948e+00
1.191999999999999948e+00
1.191999999999999948e+00
1.191000000000000059e+00
1.191000000000000059e+00
1.191000000000000059e+00
1.191000000000000059e+00
1.191000000000000059e+00
1.191000000000000059e+00
1.191000000000000059e+00
1.191000000000000059e+00
1.190999999999999837e+00
1.189999999999999947e+00
1.189999999999999947e+00
1.189999999999999947e+00
1.189999999999999947e+00
1.189999999999999947e+00
1.189999999999999947e+00
1.189000000000000057e+00
1.189000000000000057e+00
1.188000000000000167e+00
1.188000000000000167e+00
1.188000000000000167e+00
1.188000000000000167e+00
1.188000000000000167e+00
1.187999999999999945e+00
1.187999999999999945e+00
1.187000000000000055e+00
1.187000000000000055e+00
1.187000000000000055e+00
1.187000000000000055e+00
1.185999999999999943e+00
1.185999999999999943e+00
1.185999999999999943e+00
1.185000000000000053e+00
1.185000000000000053e+00
1.185000000000000053e+00
1.183000000000000052e+00
1.183000000000000052e+00
1.182999999999999829e+00
1.182999999999999829e+00
1.181999999999999940e+00
1.181999999999999940e+00
1.181999999999999940e+00
1.181999999999999940e+00
1.181999999999999940e+00
1.181999999999999940e+00
1.181999999999999940e+00
1.181999999999999940e+00
1.181999999999999940e+00
1.181999999999999940e+00
1.181999999999999940e+00
1.181999999999999940e+00
1.181999999999999940e+00
1.181999999999999940e+00
1.181000000000000050e+00
1.181000000000000050e+00
1.181000000000000050e+00
1.181000000000000050e+00
1.181000000000000050e+00
1.181000000000000050e+00
1.181000000000000050e+00
1.180000000000000160e+00
1.180000000000000160e+00
1.179999999999999938e+00
1.179999999999999938e+00
1.179999999999999938e+00
1.179999999999999938e+00
1.179999999999999938e+00
1.179999999999999938e+00
1.179000000000000048e+00
1.179000000000000048e+00
1.179000000000000048e+00
1.179000000000000048e+00
1.179000000000000048e+00
1.179000000000000048e+00
1.179000000000000048e+00
1.179000000000000048e+00
1.179000000000000048e+00
1.179000000000000048e+00
1.179000000000000048e+00
1.178999999999999826e+00
1.178999999999999826e+00
1.177999999999999936e+00
1.177999999999999936e+00
1.177999999999999936e+00
1.177999999999999936e+00
1.177999999999999936e+00
1.177999999999999936e+00
1.177999999999999936e+00
1.177999999999999936e+00
1.177000000000000046e+00
1.177000000000000046e+00
1.177000000000000046e+00
1.177000000000000046e+00
1.177000000000000046e+00
1.176000000000000156e+00
1.176000000000000156e+00
1.176000000000000156e+00
1.176000000000000156e+00
1.176000000000000156e+00
1.175999999999999934e+00
1.175999999999999934e+00
1.175999999999999934e+00
1.175000000000000044e+00
1.175000000000000044e+00
1.175000000000000044e+00
1.175000000000000044e+00
1.174999999999999822e+00
1.174999999999999822e+00
1.174999999999999822e+00
1.173999999999999932e+00
1.173999999999999932e+00
1.173999999999999932e+00
1.173999999999999932e+00
1.173999999999999932e+00
1.173999999999999932e+00
1.173000000000000043e+00
1.173000000000000043e+00
1.173000000000000043e+00
1.173000000000000043e+00
1.173000000000000043e+00
1.173000000000000043e+00
1.173000000000000043e+00
1.172000000000000153e+00
1.172000000000000153e+00
1.171999999999999931e+00
1.171999999999999931e+00
1.171999999999999931e+00
1.171999999999999931e+00
1.171999999999999931e+00
1.171000000000000041e+00
1.171000000000000041e+00
1.170999999999999819e+00
1.169999999999999929e+00
1.169999999999999929e+00
1.169999999999999929e+00
1.169999999999999929e+00
1.169999999999999929e+00
1.169999999999999929e+00
1.169999999999999929e+00
1.169999999999999929e+00
1.169999999999999929e+00
1.169000000000000039e+00
1.169000000000000039e+00
1.169000000000000039e+00
1.169000000000000039e+00
1.169000000000000039e+00
1.169000000000000039e+00
1.169000000000000039e+00
1.168000000000000149e+00
1.168000000000000149e+00
1.167999999999999927e+00
1.167999999999999927e+00
1.167999999999999927e+00
1.167999999999999927e+00
1.167999999999999927e+00
1.167000000000000037e+00
1.167000000000000037e+00
1.167000000000000037e+00
1.165999999999999925e+00
1.165999999999999925e+00
1.165999999999999925e+00
1.165999999999999925e+00
1.165999999999999925e+00
1.165999999999999925e+00
1.165999999999999925e+00
1.165999999999999925e+00
1.165999999999999925e+00
1.165999999999999925e+00
1.165000000000000036e+00
1.165000000000000036e+00
1.165000000000000036e+00
1.165000000000000036e+00
1.165000000000000036e+00
1.165000000000000036e+00
1.164000000000000146e+00
1.164000000000000146e+00
1.164000000000000146e+00
1.164000000000000146e+00
1.164000000000000146e+00
1.164000000000000146e+00
1.164000000000000146e+00
1.164000000000000146e+00
1.164000000000000146e+00
1.164000000000000146e+00
1.163999999999999924e+00
1.163999999999999924e+00
1.163999999999999924e+00
1.163999999999999924e+00
1.163999999999999924e+00
1.163000000000000034e+00
1.163000000000000034e+00
1.163000000000000034e+00
1.163000000000000034e+00
1.163000000000000034e+00
1.163000000000000034e+00
1.161999999999999922e+00
1.161999999999999922e+00
1.161999999999999922e+00
1.161999999999999922e+00
1.161999999999999922e+00
1.161000000000000032e+00
1.161000000000000032e+00
1.160000000000000142e+00
1.160000000000000142e+00
1.160000000000000142e+00
1.160000000000000142e+00
1.160000000000000142e+00
1.159999999999999920e+00
1.159999999999999920e+00
1.159999999999999920e+00
1.159000000000000030e+00
1.159000000000000030e+00
1.159000000000000030e+00
1.157999999999999918e+00
1.157999999999999918e+00
1.157999999999999918e+00
1.157999999999999918e+00
1.157999999999999918e+00
1.157999999999999918e+00
1.157999999999999918e+00
1.157000000000000028e+00
1.157000000000000028e+00
1.157000000000000028e+00
1.157000000000000028e+00
1.157000000000000028e+00
1.157000000000000028e+00
1.156000000000000139e+00
1.156000000000000139e+00
1.156000000000000139e+00
1.156000000000000139e+00
1.156000000000000139e+00
1.156000000000000139e+00
1.156000000000000139e+00
1.155999999999999917e+00
1.155999999999999917e+00
1.155999999999999917e+00
1.155000000000000027e+00
1.155000000000000027e+00
1.155000000000000027e+00
1.155000000000000027e+00
1.155000000000000027e+00
1.155000000000000027e+00
1.153999999999999915e+00
1.153999999999999915e+00
1.153999999999999915e+00
1.153999999999999915e+00
1.153999999999999915e+00
1.153999999999999915e+00
1.153999999999999915e+00
1.153000000000000025e+00
1.153000000000000025e+00
1.153000000000000025e+00
1.153000000000000025e+00
1.153000000000000025e+00
1.153000000000000025e+00
1.152000000000000135e+00
1.152000000000000135e+00
1.152000000000000135e+00
1.152000000000000135e+00
1.152000000000000135e+00
1.152000000000000135e+00
1.151999999999999913e+00
1.151999999999999913e+00
1.151000000000000023e+00
1.151000000000000023e+00
1.151000000000000023e+00
1.151000000000000023e+00
1.151000000000000023e+00
1.151000000000000023e+00
1.151000000000000023e+00
1.151000000000000023e+00
1.151000000000000023e+00
1.151000000000000023e+00
1.150999999999999801e+00
1.149999999999999911e+00
1.149999999999999911e+00
1.149999999999999911e+00
1.149999999999999911e+00
1.149000000000000021e+00
1.149000000000000021e+00
1.149000000000000021e+00
1.149000000000000021e+00
1.149000000000000021e+00
1.149000000000000021e+00
1.148000000000000131e+00
1.148000000000000131e+00
1.148000000000000131e+00
1.148000000000000131e+00
1.147999999999999909e+00
1.147999999999999909e+00
1.147000000000000020e+00
1.147000000000000020e+00
1.147000000000000020e+00
1.147000000000000020e+00
1.147000000000000020e+00
1.147000000000000020e+00
1.147000000000000020e+00
1.147000000000000020e+00
1.145999999999999908e+00
1.145999999999999908e+00
1.145999999999999908e+00
1.145000000000000018e+00
1.145000000000000018e+00
1.145000000000000018e+00
1.145000000000000018e+00
1.145000000000000018e+00
1.145000000000000018e+00
1.145000000000000018e+00
1.145000000000000018e+00
1.145000000000000018e+00
1.144000000000000128e+00
1.144000000000000128e+00
1.144000000000000128e+00
1.144000000000000128e+00
1.144000000000000128e+00
1.144000000000000128e+00
1.143999999999999906e+00
1.143999999999999906e+00
1.143000000000000016e+00
1.143000000000000016e+00
1.143000000000000016e+00
1.143000000000000016e+00
1.143000000000000016e+00
1.143000000000000016e+00
1.143000000000000016e+00
1.143000000000000016e+00
1.143000000000000016e+00
1.143000000000000016e+00
1.141999999999999904e+00
1.141999999999999904e+00
1.141999999999999904e+00
1.141000000000000014e+00
1.141000000000000014e+00
1.141000000000000014e+00
1.141000000000000014e+00
1.141000000000000014e+00
1.141000000000000014e+00
1.141000000000000014e+00
1.141000000000000014e+00
1.141000000000000014e+00
1.141000000000000014e+00
1.141000000000000014e+00
1.141000000000000014e+00
1.140000000000000124e+00
1.140000000000000124e+00
1.140000000000000124e+00
1.140000000000000124e+00
1.140000000000000124e+00
1.140000000000000124e+00
1.139999999999999902e+00
1.139999999999999902e+00
1.139000000000000012e+00
1.139000000000000012e+00
1.139000000000000012e+00
1.139000000000000012e+00
1.139000000000000012e+00
1.139000000000000012e+00
1.139000000000000012e+00
1.139000000000000012e+00
1.139000000000000012e+00
1.139000000000000012e+00
1.139000000000000012e+00
1.137999999999999901e+00
1.137999999999999901e+00
1.137999999999999901e+00
1.137999999999999901e+00
1.137999999999999901e+00
1.137999999999999901e+00
1.137000000000000011e+00
1.137000000000000011e+00
1.137000000000000011e+00
1.137000000000000011e+00
1.137000000000000011e+00
1.137000000000000011e+00
1.137000000000000011e+00
1.137000000000000011e+00
1.137000000000000011e+00
1.137000000000000011e+00
1.136000000000000121e+00
1.136000000000000121e+00
1.136000000000000121e+00
1.136000000000000121e+00
1.136000000000000121e+00
1.136000000000000121e+00
1.135999999999999899e+00
1.135999999999999899e+00
1.135999999999999899e+00
1.135999999999999899e+00
1.135000000000000009e+00
1.135000000000000009e+00
1.135000000000000009e+00
1.135000000000000009e+00
1.134000000000000119e+00
1.133999999999999897e+00
1.133999999999999897e+00
1.133999999999999897e+00
1.133999999999999897e+00
1.133999999999999897e+00
1.133999999999999897e+00
1.133999999999999897e+00
1.133000000000000007e+00
1.133000000000000007e+00
1.133000000000000007e+00
1.133000000000000007e+00
1.133000000000000007e+00
1.133000000000000007e+00
1.133000000000000007e+00
1.133000000000000007e+00
1.132000000000000117e+00
1.132000000000000117e+00
1.132000000000000117e+00
1.132000000000000117e+00
1.132000000000000117e+00
1.132000000000000117e+00
1.132000000000000117e+00
1.132000000000000117e+00
1.132000000000000117e+00
1.132000000000000117e+00
1.132000000000000117e+00
1.131999999999999895e+00
1.131999999999999895e+00
1.131999999999999895e+00
1.131999999999999895e+00
1.131000000000000005e+00
1.131000000000000005e+00
1.131000000000000005e+00
1.131000000000000005e+00
1.131000000000000005e+00
1.129999999999999893e+00
1.129999999999999893e+00
1.129999999999999893e+00
1.129999999999999893e+00
1.129999999999999893e+00
1.129999999999999893e+00
1.129999999999999893e+00
1.129000000000000004e+00
1.129000000000000004e+00
1.129000000000000004e+00
1.129000000000000004e+00
1.129000000000000004e+00
1.129000000000000004e+00
1.129000000000000004e+00
1.129000000000000004e+00
1.129000000000000004e+00
1.129000000000000004e+00
1.128000000000000114e+00
1.128000000000000114e+00
1.128000000000000114e+00
1.128000000000000114e+00
1.128000000000000114e+00
1.128000000000000114e+00
1.127999999999999892e+00
1.127000000000000002e+00
1.127000000000000002e+00
1.127000000000000002e+00
1.127000000000000002e+00
1.127000000000000002e+00
1.126000000000000112e+00
1.126000000000000112e+00
1.126000000000000112e+00
1.125999999999999890e+00
1.125999999999999890e+00
1.125999999999999890e+00
1.125999999999999890e+00
1.125000000000000000e+00
1.125000000000000000e+00
1.125000000000000000e+00
1.125000000000000000e+00
1.125000000000000000e+00
1.125000000000000000e+00
1.125000000000000000e+00
1.125000000000000000e+00
1.125000000000000000e+00
1.125000000000000000e+00
1.124000000000000110e+00
1.124000000000000110e+00
1.124000000000000110e+00
1.124000000000000110e+00
1.124000000000000110e+00
1.124000000000000110e+00
1.124000000000000110e+00
1.124000000000000110e+00
1.123999999999999888e+00
1.122999999999999998e+00
1.122999999999999998e+00
1.122999999999999998e+00
1.122999999999999998e+00
1.122999999999999998e+00
1.122999999999999998e+00
1.122999999999999998e+00
1.122999999999999998e+00
1.122000000000000108e+00
1.121999999999999886e+00
1.121999999999999886e+00
1.121999999999999886e+00
1.121999999999999886e+00
1.121999999999999886e+00
1.121999999999999886e+00
1.120999999999999996e+00
1.120999999999999996e+00
1.120999999999999996e+00
1.120999999999999996e+00
1.120999999999999996e+00
1.120999999999999996e+00
1.120999999999999996e+00
1.120999999999999996e+00
1.120999999999999996e+00
1.120999999999999996e+00
1.120999999999999996e+00
1.120999999999999996e+00
1.120000000000000107e+00
1.120000000000000107e+00
1.120000000000000107e+00
1.120000000000000107e+00
1.118999999999999995e+00
1.118999999999999995e+00
1.118999999999999995e+00
1.118999999999999995e+00
1.118999999999999995e+00
1.118999999999999995e+00
1.118999999999999995e+00
1.118999999999999995e+00
1.118999999999999995e+00
1.118000000000000105e+00
1.117999999999999883e+00
1.117999999999999883e+00
1.117999999999999883e+00
1.117999999999999883e+00
1.117999999999999883e+00
1.117999999999999883e+00
1.116999999999999993e+00
1.116999999999999993e+00
1.116999999999999993e+00
1.116000000000000103e+00
1.116000000000000103e+00
1.116000000000000103e+00
1.116000000000000103e+00
1.116000000000000103e+00
1.116000000000000103e+00
1.114999999999999991e+00
1.114999999999999991e+00
1.114999999999999991e+00
1.114999999999999991e+00
1.114999999999999991e+00
1.114999999999999991e+00
1.114999999999999991e+00
1.114000000000000101e+00
1.114000000000000101e+00
1.114000000000000101e+00
1.113999999999999879e+00
1.112999999999999989e+00
1.112999999999999989e+00
1.112999999999999989e+00
1.112999999999999989e+00
1.112999999999999989e+00
1.112999999999999989e+00
1.112999999999999989e+00
1.112999999999999989e+00
1.112999999999999989e+00
1.112000000000000099e+00
1.112000000000000099e+00
1.112000000000000099e+00
1.112000000000000099e+00
1.112000000000000099e+00
1.112000000000000099e+00
1.112000000000000099e+00
1.112000000000000099e+00
1.110999999999999988e+00
1.110999999999999988e+00
1.110999999999999988e+00
1.110999999999999988e+00
1.110999999999999988e+00
1.110999999999999988e+00
1.110999999999999988e+00
1.110999999999999988e+00
1.110999999999999988e+00
1.110999999999999988e+00
1.110000000000000098e+00
1.110000000000000098e+00
1.110000000000000098e+00
1.109999999999999876e+00
1.109999999999999876e+00
1.109999999999999876e+00
1.109999999999999876e+00
1.109999999999999876e+00
1.109999999999999876e+00
1.108999999999999986e+00
1.108999999999999986e+00
1.108999999999999986e+00
1.108999999999999986e+00
1.108000000000000096e+00
1.108000000000000096e+00
1.108000000000000096e+00
1.108000000000000096e+00
1.108000000000000096e+00
1.108000000000000096e+00
1.108000000000000096e+00
1.107999999999999874e+00
1.106999999999999984e+00
1.106999999999999984e+00
1.106999999999999984e+00
1.106999999999999984e+00
1.106999999999999984e+00
1.106999999999999984e+00
1.106000000000000094e+00
1.106000000000000094e+00
1.106000000000000094e+00
1.106000000000000094e+00
1.106000000000000094e+00
1.106000000000000094e+00
1.106000000000000094e+00
1.106000000000000094e+00
1.105999999999999872e+00
1.105999999999999872e+00
1.105999999999999872e+00
1.105999999999999872e+00
1.104999999999999982e+00
1.104999999999999982e+00
1.104999999999999982e+00
1.104999999999999982e+00
1.104999999999999982e+00
1.104999999999999982e+00
1.104999999999999982e+00
1.104999999999999982e+00
1.104999999999999982e+00
1.104999999999999982e+00
1.104999999999999982e+00
1.104000000000000092e+00
1.104000000000000092e+00
1.104000000000000092e+00
1.104000000000000092e+00
1.104000000000000092e+00
1.104000000000000092e+00
1.104000000000000092e+00
1.104000000000000092e+00
1.102999999999999980e+00
1.102999999999999980e+00
1.102999999999999980e+00
1.102999999999999980e+00
1.102999999999999980e+00
1.102999999999999980e+00
1.102999999999999980e+00
1.102999999999999980e+00
1.102999999999999980e+00
1.102000000000000091e+00
1.102000000000000091e+00
1.102000000000000091e+00
1.102000000000000091e+00
1.101999999999999869e+00
1.101999999999999869e+00
1.100999999999999979e+00
1.100999999999999979e+00
1.100999999999999979e+00
1.100999999999999979e+00
1.100999999999999979e+00
1.100999999999999979e+00
1.100999999999999979e+00
1.100999999999999979e+00
1.100000000000000089e+00
1.100000000000000089e+00
1.100000000000000089e+00
1.100000000000000089e+00
1.100000000000000089e+00
1.100000000000000089e+00
1.100000000000000089e+00
1.099999999999999867e+00
1.098999999999999977e+00
1.098999999999999977e+00
1.098999999999999977e+00
1.098999999999999977e+00
1.098999999999999977e+00
1.098999999999999977e+00
1.098999999999999977e+00
1.098999999999999977e+00
1.098999999999999977e+00
1.098999999999999977e+00
1.098999999999999977e+00
1.098999999999999977e+00
1.098999999999999977e+00
1.098999999999999977e+00
1.098000000000000087e+00
1.098000000000000087e+00
1.098000000000000087e+00
1.097999999999999865e+00
1.097999999999999865e+00
1.097999999999999865e+00
1.097999999999999865e+00
1.096999999999999975e+00
1.096999999999999975e+00
1.096999999999999975e+00
1.096999999999999975e+00
1.096999999999999975e+00
1.096999999999999975e+00
1.096999999999999975e+00
1.096999999999999975e+00
1.096999999999999975e+00
1.096999999999999975e+00
1.096999999999999975e+00
1.096999999999999975e+00
1.096999999999999975e+00
1.096000000000000085e+00
1.096000000000000085e+00
1.096000000000000085e+00
1.096000000000000085e+00
1.096000000000000085e+00
1.096000000000000085e+00
1.096000000000000085e+00
1.096000000000000085e+00
1.096000000000000085e+00
1.096000000000000085e+00
1.094999999999999973e+00
1.094999999999999973e+00
1.094999999999999973e+00
1.094999999999999973e+00
1.094999999999999973e+00
1.094999999999999973e+00
1.094000000000000083e+00
1.094000000000000083e+00
1.093999999999999861e+00
1.093999999999999861e+00
1.093999999999999861e+00
1.093999999999999861e+00
1.092999999999999972e+00
1.092999999999999972e+00
1.092999999999999972e+00
1.092999999999999972e+00
1.092999999999999972e+00
1.092999999999999972e+00
1.092999999999999972e+00
1.092999999999999972e+00
1.092999999999999972e+00
1.092999999999999972e+00
1.092999999999999972e+00
1.092999999999999972e+00
1.092999999999999972e+00
1.092000000000000082e+00
1.092000000000000082e+00
1.092000000000000082e+00
1.092000000000000082e+00
1.091000000000000192e+00
1.091000000000000192e+00
1.090999999999999970e+00
1.090999999999999970e+00
1.090999999999999970e+00
1.090999999999999970e+00
1.090999999999999970e+00
1.090999999999999970e+00
1.090999999999999970e+00
1.090999999999999970e+00
1.090999999999999970e+00
1.090999999999999970e+00
1.090999999999999970e+00
1.090000000000000080e+00
1.090000000000000080e+00
1.090000000000000080e+00
1.090000000000000080e+00
1.089999999999999858e+00
1.089999999999999858e+00
1.089999999999999858e+00
1.089999999999999858e+00
1.089999999999999858e+00
1.088999999999999968e+00
1.088999999999999968e+00
1.088999999999999968e+00
1.088999999999999968e+00
1.088999999999999968e+00
1.088999999999999968e+00
1.088000000000000078e+00
1.088000000000000078e+00
1.088000000000000078e+00
1.088000000000000078e+00
1.088000000000000078e+00
1.088000000000000078e+00
1.088000000000000078e+00
1.088000000000000078e+00
1.088000000000000078e+00
1.088000000000000078e+00
1.086999999999999966e+00
1.086999999999999966e+00
1.086999999999999966e+00
1.086999999999999966e+00
1.086000000000000076e+00
1.086000000000000076e+00
1.086000000000000076e+00
1.086000000000000076e+00
1.086000000000000076e+00
1.086000000000000076e+00
1.086000000000000076e+00
1.086000000000000076e+00
1.086000000000000076e+00
1.086000000000000076e+00
1.085999999999999854e+00
1.085999999999999854e+00
1.085999999999999854e+00
1.085999999999999854e+00
1.084999999999999964e+00
1.084999999999999964e+00
1.084999999999999964e+00
1.084999999999999964e+00
1.084999999999999964e+00
1.084999999999999964e+00
1.084999999999999964e+00
1.084999999999999964e+00
1.084999999999999964e+00
1.084999999999999964e+00
1.084000000000000075e+00
1.084000000000000075e+00
1.084000000000000075e+00
1.084000000000000075e+00
1.084000000000000075e+00
1.084000000000000075e+00
1.082999999999999963e+00
1.082999999999999963e+00
1.082999999999999963e+00
1.082999999999999963e+00
1.082999999999999963e+00
1.082000000000000073e+00
1.082000000000000073e+00
1.082000000000000073e+00
1.082000000000000073e+00
1.082000000000000073e+00
1.082000000000000073e+00
1.081999999999999851e+00
1.081999999999999851e+00
1.081999999999999851e+00
1.081999999999999851e+00
1.080999999999999961e+00
1.080999999999999961e+00
1.080999999999999961e+00
1.080999999999999961e+00
1.080999999999999961e+00
1.080000000000000071e+00
1.080000000000000071e+00
1.080000000000000071e+00
1.080000000000000071e+00
1.080000000000000071e+00
1.080000000000000071e+00
1.080000000000000071e+00
1.080000000000000071e+00
1.080000000000000071e+00
1.080000000000000071e+00
1.079000000000000181e+00
1.079000000000000181e+00
1.079000000000000181e+00
1.078999999999999959e+00
1.078999999999999959e+00
1.078999999999999959e+00
1.078999999999999959e+00
1.078999999999999959e+00
1.078999999999999959e+00
1.078999999999999959e+00
1.078999999999999959e+00
1.078000000000000069e+00
1.078000000000000069e+00
1.078000000000000069e+00
1.078000000000000069e+00
1.078000000000000069e+00
1.078000000000000069e+00
1.077999999999999847e+00
1.077999999999999847e+00
1.077999999999999847e+00
1.077999999999999847e+00
1.077999999999999847e+00
1.077999999999999847e+00
1.077999999999999847e+00
1.076999999999999957e+00
1.076999999999999957e+00
1.076999999999999957e+00
1.076999999999999957e+00
1.076999999999999957e+00
1.076999999999999957e+00
1.076999999999999957e+00
1.076999999999999957e+00
1.076999999999999957e+00
1.076999999999999957e+00
1.076999999999999957e+00
1.076999999999999957e+00
1.076999999999999957e+00
1.076000000000000068e+00
1.076000000000000068e+00
1.076000000000000068e+00
1.076000000000000068e+00
1.076000000000000068e+00
1.076000000000000068e+00
1.076000000000000068e+00
1.076000000000000068e+00
1.076000000000000068e+00
1.076000000000000068e+00
1.076000000000000068e+00
1.076000000000000068e+00
1.076000000000000068e+00
1.076000000000000068e+00
1.074999999999999956e+00
1.074999999999999956e+00
1.074999999999999956e+00
1.074999999999999956e+00
1.074999999999999956e+00
1.074999999999999956e+00
1.074999999999999956e+00
1.074999999999999956e+00
1.074999999999999956e+00
1.074999999999999956e+00
1.074999999999999956e+00
1.074000000000000066e+00
1.074000000000000066e+00
1.074000000000000066e+00
1.074000000000000066e+00
1.074000000000000066e+00
1.074000000000000066e+00
1.074000000000000066e+00
1.074000000000000066e+00
1.074000000000000066e+00
1.074000000000000066e+00
1.074000000000000066e+00
1.073999999999999844e+00
1.073999999999999844e+00
1.073999999999999844e+00
1.072999999999999954e+00
1.072999999999999954e+00
1.072999999999999954e+00
1.072999999999999954e+00
1.072999999999999954e+00
1.072999999999999954e+00
1.072999999999999954e+00
1.072999999999999954e+00
1.072999999999999954e+00
1.072999999999999954e+00
1.072000000000000064e+00
1.072000000000000064e+00
1.072000000000000064e+00
1.072000000000000064e+00
1.072000000000000064e+00
1.072000000000000064e+00
1.072000000000000064e+00
1.072000000000000064e+00
1.072000000000000064e+00
1.072000000000000064e+00
1.071000000000000174e+00
1.071000000000000174e+00
1.071000000000000174e+00
1.071000000000000174e+00
1.070999999999999952e+00
1.070999999999999952e+00
1.070999999999999952e+00
1.070999999999999952e+00
1.070999999999999952e+00
1.070999999999999952e+00
1.070999999999999952e+00
1.070999999999999952e+00
1.070999999999999952e+00
1.070000000000000062e+00
1.070000000000000062e+00
1.070000000000000062e+00
1.070000000000000062e+00
1.070000000000000062e+00
1.070000000000000062e+00
1.070000000000000062e+00
1.070000000000000062e+00
1.070000000000000062e+00
1.070000000000000062e+00
1.069999999999999840e+00
1.069999999999999840e+00
1.069999999999999840e+00
1.069999999999999840e+00
1.068999999999999950e+00
1.068999999999999950e+00
1.068999999999999950e+00
1.068999999999999950e+00
1.068999999999999950e+00
1.068999999999999950e+00
1.068999999999999950e+00
1.068999999999999950e+00
1.068999999999999950e+00
1.068999999999999950e+00
1.068999999999999950e+00
