1.000000000000000000e+00
1.000000000000000000e+00
1.000000000000000000e+00
1.000000000000000000e+00
1.000000000000000000e+00
1.000000000000000000e+00
1.000000000000000000e+00
1.000000000000000000e+00
1.000000000000000000e+00
1.000000000000000000e+00
1.000000000000000000e+00
1.000000000000000000e+00
1.000000000000000000e+00
1.000000000000000000e+00
1.000000000000000000e+00
1.000000000000000000e+00
1.000000000000000000e+00
1.000000000000000000e+00
1.000000000000000000e+00
1.000000000000000000e+00
1.000000000000000000e+00
1.000000000000000000e+00
1.000000000000000000e+00
1.000000000000000000e+00
1.000000000000000000e+00
1.000000000000000000e+00
1.000000000000000000e+00
1.000000000000000000e+00
1.000000000000000000e+00
1.000000000000000000e+00
1.000000000000000000e+00
1.000000000000000000e+00
1.000000000000000000e+00
1.000000000000000000e+00
1.000000000000000000e+00
1.000000000000000000e+00
1.000000000000000000e+00
1.000000000000000000e+00
1.000000000000000000e+00
1.000000000000000000e+00
1.000000000000000000e+00
1.000000000000000000e+00
1.000000000000000000e+00
1.000000000000000000e+00
1.000000000000000000e+00
1.000000000000000000e+00
1.000000000000000000e+00
1.000000000000000000e+00
1.000000000000000000e+00
1.000000000000000000e+00
1.000000000000000000e+00
1.000000000000000000e+00
1.000000000000000000e+00
1.000000000000000000e+00
1.000000000000000000e+00
1.000000000000000000e+00
1.000000000000000000e+00
1.000000000000000000e+00
1.000000000000000000e+00
1.000000000000000000e+00
1.000000000000000000e+00
1.000000000000000000e+00
1.000000000000000000e+00
1.000000000000000000e+00
1.000000000000000000e+00
1.000000000000000000e+00
1.000000000000000000e+00
1.000000000000000000e+00
1.000000000000000000e+00
1.000000000000000000e+00
1.000000000000000000e+00
1.000000000000000000e+00
1.000000000000000000e+00
1.000000000000000000e+00
1.000000000000000000e+00
1.000000000000000000e+00
1.000000000000000000e+00
1.000000000000000000e+00
1.000000000000000000e+00
1.000000000000000000e+00
1.000000000000000000e+00
1.000000000000000000e+00
1.000000000000000000e+00
1.000000000000000000e+00
1.000000000000000000e+00
1.000000000000000000e+00
1.000000000000000000e+00
1.000000000000000000e+00
1.000000000000000000e+00
1.000000000000000000e+00
1.000000000000000000e+00
1.000000000000000000e+00
1.000000000000000000e+00
1.000000000000000000e+00
1.000000000000000000e+00
1.000000000000000000e+00
1.000000000000000000e+00
1.000000000000000000e+00
1.000000000000000000e+00
1.000000000000000000e+00
1.000000000000000000e+00
1.000000000000000000e+00
1.000000000000000000e+00
1.000000000000000000e+00
1.000000000000000000e+00
1.000000000000000000e+00
1.000000000000000000e+00
1.000000000000000000e+00
1.000000000000000000e+00
1.000000000000000000e+00
1.000000000000000000e+00
1.000000000000000000e+00
1.000000000000000000e+00
1.000000000000000000e+00
1.000000000000000000e+00
1.000000000000000000e+00
1.000000000000000000e+00
1.000000000000000000e+00
1.000000000000000000e+00
1.000000000000000000e+00
1.000000000000000000e+00
1.000000000000000000e+00
1.000000000000000000e+00
1.000000000000000000e+00
1.000000000000000000e+00
1.000000000000000000e+00
1.000000000000000000e+00
1.000000000000000000e+00
1.000000000000000000e+00
1.000000000000000000e+00
1.000000000000000000e+00
1.000000000000000000e+00
1.000000000000000000e+00
1.000000000000000000e+00
1.000000000000000000e+00
1.000000000000000000e+00
1.000000000000000000e+00
1.000000000000000000e+00
1.000000000000000000e+00
1.000000000000000000e+00
1.000000000000000000e+00
1.000000000000000000e+00
1.000000000000000000e+00
1.000000000000000000e+00
1.000000000000000000e+00
1.000000000000000000e+00
1.000000000000000000e+00
1.000000000000000000e+00
1.000000000000000000e+00
1.000000000000000000e+00
1.000000000000000000e+00
1.000000000000000000e+00
1.000000000000000000e+00
1.000000000000000000e+00
1.000000000000000000e+00
1.000000000000000000e+00
1.000000000000000000e+00
1.000000000000000000e+00
1.000000000000000000e+00
1.000000000000000000e+00
1.000000000000000000e+00
1.000000000000000000e+00
9.951999999999998625e-01
9.951999999999998625e-01
9.951999999999998625e-01
9.948999999999998956e-01
9.217999999999999527e-01
9.217999999999999527e-01
9.092000000000000082e-01
9.014999999999999680e-01
8.628000000000000114e-01
8.614999999999999325e-01
8.597999999999998977e-01
8.574000000000000510e-01
8.558999999999999941e-01
8.503000000000000558e-01
8.397999999999999909e-01
8.380999999999999561e-01
8.362999999999999323e-01
8.329999999999999627e-01
8.294999999999999041e-01
8.187999999999999723e-01
8.139999999999998348e-01
8.121999999999999220e-01
8.108999999999999542e-01
8.097999999999999643e-01
8.068999999999999506e-01
8.063999999999998947e-01
8.042999999999999039e-01
8.032000000000000250e-01
8.030999999999999250e-01
8.027999999999999581e-01
8.022999999999999021e-01
8.020000000000000462e-01
8.014999999999998792e-01
8.006999999999999673e-01
7.998999999999999444e-01
7.985999999999999766e-01
7.977999999999999536e-01
7.973000000000000087e-01
7.966999999999999638e-01
7.952999999999998959e-01
7.948999999999999400e-01
7.940999999999999170e-01
7.929999999999999272e-01
7.928999999999999382e-01
7.923000000000000043e-01
7.922000000000000153e-01
7.919999999999999263e-01
7.894999999999998685e-01
7.891999999999999016e-01
7.885999999999998566e-01
7.880999999999999117e-01
7.878999999999999337e-01
7.878999999999999337e-01
7.876999999999999558e-01
7.876999999999999558e-01
7.873999999999999888e-01
7.866999999999999549e-01
7.864999999999999769e-01
7.863999999999999879e-01
7.853999999999999870e-01
7.852999999999999980e-01
7.852999999999998870e-01
7.849999999999999201e-01
7.848999999999999311e-01
7.843999999999999861e-01
7.840000000000000302e-01
7.835999999999998522e-01
7.829999999999999183e-01
7.822000000000000064e-01
7.817999999999999394e-01
7.815999999999998504e-01
7.801999999999998936e-01
7.797999999999999376e-01
7.794999999999999707e-01
7.788999999999999257e-01
7.786999999999999478e-01
7.779000000000000359e-01
7.775999999999999579e-01
7.772000000000000020e-01
7.767999999999999350e-01
7.765999999999999570e-01
7.751999999999998892e-01
7.742999999999999883e-01
7.740999999999998993e-01
7.738999999999999213e-01
7.733999999999999764e-01
7.728999999999999204e-01
