1.000000000000000000e+00
1.000000000000000000e+00
1.000000000000000000e+00
1.000000000000000000e+00
1.000000000000000000e+00
1.000000000000000000e+00
1.000000000000000000e+00
1.000000000000000000e+00
1.000000000000000000e+00
1.000000000000000000e+00
1.000000000000000000e+00
1.000000000000000000e+00
1.000000000000000000e+00
1.000000000000000000e+00
1.000000000000000000e+00
1.000000000000000000e+00
1.000000000000000000e+00
1.000000000000000000e+00
1.000000000000000000e+00
1.000000000000000000e+00
1.000000000000000000e+00
1.000000000000000000e+00
1.000000000000000000e+00
1.000000000000000000e+00
1.000000000000000000e+00
1.000000000000000000e+00
1.000000000000000000e+00
1.000000000000000000e+00
1.000000000000000000e+00
1.000000000000000000e+00
1.000000000000000000e+00
1.000000000000000000e+00
1.000000000000000000e+00
1.000000000000000000e+00
1.000000000000000000e+00
1.000000000000000000e+00
1.000000000000000000e+00
1.000000000000000000e+00
1.000000000000000000e+00
1.000000000000000000e+00
1.000000000000000000e+00
1.000000000000000000e+00
1.000000000000000000e+00
1.000000000000000000e+00
1.000000000000000000e+00
1.000000000000000000e+00
1.000000000000000000e+00
1.000000000000000000e+00
1.000000000000000000e+00
1.000000000000000000e+00
1.000000000000000000e+00
1.000000000000000000e+00
1.000000000000000000e+00
1.000000000000000000e+00
1.000000000000000000e+00
1.000000000000000000e+00
1.000000000000000000e+00
1.000000000000000000e+00
1.000000000000000000e+00
1.000000000000000000e+00
1.000000000000000000e+00
1.000000000000000000e+00
1.000000000000000000e+00
1.000000000000000000e+00
1.000000000000000000e+00
1.000000000000000000e+00
1.000000000000000000e+00
1.000000000000000000e+00
1.000000000000000000e+00
1.000000000000000000e+00
1.000000000000000000e+00
1.000000000000000000e+00
1.000000000000000000e+00
1.000000000000000000e+00
1.000000000000000000e+00
1.000000000000000000e+00
1.000000000000000000e+00
1.000000000000000000e+00
1.000000000000000000e+00
1.000000000000000000e+00
1.000000000000000000e+00
1.000000000000000000e+00
1.000000000000000000e+00
1.000000000000000000e+00
1.000000000000000000e+00
1.000000000000000000e+00
1.000000000000000000e+00
1.000000000000000000e+00
1.000000000000000000e+00
1.000000000000000000e+00
1.000000000000000000e+00
1.000000000000000000e+00
1.000000000000000000e+00
1.000000000000000000e+00
1.000000000000000000e+00
1.000000000000000000e+00
1.000000000000000000e+00
1.000000000000000000e+00
1.000000000000000000e+00
1.000000000000000000e+00
1.000000000000000000e+00
1.000000000000000000e+00
1.000000000000000000e+00
1.000000000000000000e+00
1.000000000000000000e+00
1.000000000000000000e+00
1.000000000000000000e+00
1.000000000000000000e+00
1.000000000000000000e+00
1.000000000000000000e+00
1.000000000000000000e+00
1.000000000000000000e+00
1.000000000000000000e+00
1.000000000000000000e+00
1.000000000000000000e+00
1.000000000000000000e+00
1.000000000000000000e+00
1.000000000000000000e+00
1.000000000000000000e+00
1.000000000000000000e+00
1.000000000000000000e+00
1.000000000000000000e+00
1.000000000000000000e+00
1.000000000000000000e+00
1.000000000000000000e+00
1.000000000000000000e+00
1.000000000000000000e+00
1.000000000000000000e+00
1.000000000000000000e+00
1.000000000000000000e+00
1.000000000000000000e+00
1.000000000000000000e+00
1.000000000000000000e+00
1.000000000000000000e+00
1.000000000000000000e+00
1.000000000000000000e+00
1.000000000000000000e+00
1.000000000000000000e+00
1.000000000000000000e+00
1.000000000000000000e+00
1.000000000000000000e+00
1.000000000000000000e+00
1.000000000000000000e+00
1.000000000000000000e+00
1.000000000000000000e+00
1.000000000000000000e+00
1.000000000000000000e+00
1.000000000000000000e+00
1.000000000000000000e+00
1.000000000000000000e+00
1.000000000000000000e+00
1.000000000000000000e+00
1.000000000000000000e+00
1.000000000000000000e+00
1.000000000000000000e+00
1.000000000000000000e+00
1.000000000000000000e+00
1.000000000000000000e+00
1.000000000000000000e+00
1.000000000000000000e+00
1.000000000000000000e+00
1.000000000000000000e+00
9.951999999999998625e-01
9.951999999999998625e-01
9.951999999999998625e-01
9.948999999999998956e-01
9.217999999999999527e-01
9.217999999999999527e-01
9.092000000000000082e-01
9.014999999999999680e-01
8.628000000000000114e-01
8.614999999999999325e-01
8.597999999999998977e-01
8.574000000000000510e-01
8.558999999999999941e-01
8.503000000000000558e-01
8.397999999999999909e-01
8.380999999999999561e-01
8.362999999999999323e-01
8.329999999999999627e-01
8.294999999999999041e-01
8.187999999999999723e-01
8.139999999999998348e-01
8.121999999999999220e-01
8.108999999999999542e-01
8.097999999999999643e-01
8.068999999999999506e-01
8.063999999999998947e-01
8.042999999999999039e-01
8.032000000000000250e-01
8.030999999999999250e-01
8.027999999999999581e-01
8.022999999999999021e-01
8.020000000000000462e-01
8.014999999999998792e-01
8.006999999999999673e-01
7.998999999999999444e-01
7.985999999999999766e-01
7.977999999999999536e-01
7.973000000000000087e-01
7.966999999999999638e-01
7.952999999999998959e-01
7.948999999999999400e-01
7.940999999999999170e-01
7.929999999999999272e-01
7.928999999999999382e-01
7.923000000000000043e-01
7.922000000000000153e-01
7.919999999999999263e-01
7.894999999999998685e-01
7.891999999999999016e-01
7.885999999999998566e-01
7.880999999999999117e-01
7.878999999999999337e-01
7.878999999999999337e-01
7.876999999999999558e-01
7.876999999999999558e-01
7.873999999999999888e-01
7.866999999999999549e-01
7.864999999999999769e-01
7.863999999999999879e-01
7.853999999999999870e-01
7.852999999999999980e-01
7.852999999999998870e-01
7.849999999999999201e-01
7.848999999999999311e-01
7.843999999999999861e-01
7.840000000000000302e-01
7.835999999999998522e-01
7.829999999999999183e-01
7.822000000000000064e-01
7.817999999999999394e-01
7.815999999999998504e-01
7.801999999999998936e-01
7.797999999999999376e-01
7.794999999999999707e-01
7.788999999999999257e-01
7.786999999999999478e-01
7.779000000000000359e-01
7.775999999999999579e-01
7.772000000000000020e-01
7.767999999999999350e-01
7.765999999999999570e-01
7.751999999999998892e-01
7.742999999999999883e-01
7.740999999999998993e-01
7.738999999999999213e-01
7.733999999999999764e-01
7.728999999999999204e-01
7.727999999999999314e-01
7.712999999999998746e-01
7.711999999999998856e-01
7.709999999999999076e-01
7.707999999999999297e-01
7.704999999999999627e-01
7.701999999999999957e-01
7.698000000000000398e-01
7.697999999999999288e-01
7.691000000000000059e-01
7.682999999999999829e-01
7.680000000000000160e-01
7.674999999999999600e-01
7.663999999999998591e-01
7.661999999999998812e-01
7.656999999999999362e-01
7.655999999999999472e-01
7.646999999999999353e-01
7.646999999999999353e-01
7.643999999999999684e-01
7.634999999999998455e-01
7.627999999999999226e-01
7.617999999999999217e-01
7.592999999999999750e-01
7.590999999999999970e-01
7.585999999999999410e-01
7.584999999999999520e-01
7.581999999999999851e-01
7.578000000000000291e-01
7.567999999999999172e-01
7.562999999999998613e-01
7.561999999999998723e-01
7.548999999999999044e-01
7.547999999999999154e-01
7.547000000000000375e-01
7.545999999999999375e-01
7.542999999999999705e-01
7.530999999999999917e-01
7.526999999999999247e-01
7.522999999999999687e-01
7.520000000000000018e-01
7.511999999999999789e-01
7.505999999999998229e-01
7.505999999999998229e-01
7.504999999999999449e-01
7.504999999999999449e-01
7.503999999999999559e-01
7.498000000000000220e-01
7.490999999999999881e-01
7.487999999999999101e-01
7.486999999999999211e-01
7.475999999999999313e-01
7.470999999999998753e-01
7.464999999999999414e-01
7.462999999999999634e-01
7.462999999999999634e-01
7.457999999999999075e-01
7.457999999999999075e-01
7.456000000000000405e-01
7.455999999999999295e-01
7.455000000000000515e-01
7.452999999999999625e-01
7.450999999999999845e-01
7.449999999999998845e-01
7.448999999999998956e-01
7.436000000000000387e-01
7.434999999999999387e-01
7.427999999999999048e-01
7.424999999999999378e-01
7.412999999999999590e-01
7.410999999999999810e-01
7.406000000000000361e-01
7.403999999999999471e-01
7.399999999999998801e-01
7.399000000000000021e-01
7.397999999999999021e-01
7.395999999999999241e-01
7.394999999999999352e-01
7.394000000000000572e-01
7.389999999999999902e-01
7.384999999999999343e-01
7.382999999999999563e-01
7.379000000000000004e-01
7.377000000000000224e-01
7.374999999999999334e-01
7.373999999999999444e-01
7.373999999999999444e-01
7.371999999999999664e-01
7.371999999999999664e-01
7.369999999999998774e-01
7.367999999999998995e-01
7.366000000000000325e-01
7.365999999999999215e-01
7.362999999999999545e-01
7.360999999999999766e-01
7.359999999999999876e-01
7.357999999999998986e-01
7.357000000000000206e-01
7.356999999999999096e-01
7.348999999999999977e-01
7.347999999999998977e-01
7.346000000000000307e-01
7.346000000000000307e-01
7.342999999999999527e-01
7.338999999999999968e-01
7.338999999999999968e-01
7.334999999999999298e-01
7.334000000000000519e-01
7.332999999999999519e-01
7.328999999999999959e-01
7.328999999999999959e-01
7.319999999999999840e-01
7.318000000000000060e-01
7.315000000000000391e-01
7.311999999999999611e-01
7.306000000000000272e-01
7.305000000000000382e-01
7.304999999999999272e-01
7.300999999999999712e-01
7.297999999999998932e-01
7.295000000000000373e-01
7.294000000000000483e-01
7.292999999999999483e-01
7.288999999999999924e-01
7.287000000000000144e-01
7.286999999999999034e-01
7.286000000000000254e-01
7.279999999999999805e-01
7.276000000000000245e-01
7.275999999999999135e-01
7.275999999999999135e-01
7.270999999999999686e-01
7.270999999999999686e-01
7.266999999999999016e-01
7.265999999999999126e-01
7.262999999999999456e-01
7.262999999999999456e-01
7.262000000000000677e-01
7.261999999999998456e-01
7.256000000000000227e-01
7.251999999999999558e-01
7.248999999999999888e-01
7.247000000000000108e-01
7.245000000000000329e-01
7.240999999999998549e-01
7.238999999999999879e-01
7.237999999999998879e-01
7.237999999999998879e-01
7.234000000000000430e-01
7.232000000000000650e-01
7.225999999999999091e-01
7.223999999999999311e-01
7.221999999999999531e-01
7.220999999999999641e-01
7.219999999999999751e-01
7.217999999999998861e-01
7.215999999999999082e-01
7.213999999999999302e-01
7.213000000000000522e-01
7.211000000000000743e-01
7.209999999999999742e-01
7.209999999999999742e-01
7.207999999999999963e-01
7.207999999999998852e-01
7.205999999999999073e-01
7.202999999999999403e-01
7.198999999999999844e-01
7.198999999999999844e-01
7.197999999999999954e-01
7.197000000000000064e-01
7.196000000000000174e-01
7.195999999999999064e-01
7.194999999999999174e-01
7.192000000000000615e-01
7.189999999999999725e-01
7.181999999999999496e-01
7.181999999999999496e-01
7.181000000000000716e-01
7.177999999999999936e-01
7.177000000000000046e-01
7.176999999999998936e-01
7.171000000000000707e-01
7.168999999999999817e-01
7.166000000000000147e-01
7.163999999999999257e-01
7.159999999999999698e-01
7.154000000000000359e-01
7.154000000000000359e-01
7.153999999999999249e-01
7.151999999999999469e-01
7.139999999999999680e-01
7.137999999999998790e-01
7.131000000000000671e-01
7.123999999999999222e-01
7.121999999999999442e-01
7.120999999999999552e-01
7.119999999999999662e-01
7.118999999999999773e-01
7.118999999999999773e-01
7.117999999999999883e-01
7.111999999999999433e-01
7.111000000000000654e-01
7.109999999999999654e-01
7.109999999999999654e-01
7.109999999999998543e-01
7.106999999999998874e-01
7.106000000000000094e-01
7.103999999999999204e-01
7.103999999999999204e-01
7.097999999999998755e-01
7.097999999999998755e-01
7.096999999999999975e-01
7.096999999999999975e-01
7.096999999999998865e-01
7.095999999999998975e-01
7.093999999999999195e-01
7.089999999999999636e-01
7.088999999999998636e-01
7.083999999999999186e-01
7.080999999999999517e-01
7.080999999999999517e-01
7.078999999999999737e-01
7.078999999999998627e-01
7.076999999999999957e-01
7.075000000000000178e-01
7.073999999999999178e-01
7.072999999999999288e-01
7.070999999999999508e-01
7.069999999999999618e-01
7.059999999999999609e-01
7.056999999999999940e-01
7.056999999999999940e-01
7.054000000000000270e-01
7.054000000000000270e-01
7.053000000000000380e-01
7.050999999999999490e-01
7.049999999999998490e-01
7.049000000000000821e-01
7.048999999999999710e-01
7.048999999999999710e-01
7.046000000000000041e-01
7.043999999999999151e-01
7.041999999999999371e-01
7.041999999999999371e-01
7.040999999999999481e-01
7.038999999999999702e-01
7.038999999999999702e-01
7.037999999999999812e-01
7.030000000000000693e-01
7.026999999999999913e-01
7.023999999999999133e-01
7.022999999999999243e-01
7.022999999999999243e-01
7.019999999999999574e-01
7.018999999999999684e-01
7.015000000000000124e-01
7.015000000000000124e-01
7.012000000000000455e-01
7.012000000000000455e-01
7.008000000000000895e-01
7.007999999999999785e-01
7.006999999999998785e-01
7.001999999999999336e-01
6.998999999999999666e-01
6.997999999999999776e-01
6.995000000000000107e-01
6.993000000000000327e-01
6.991999999999999327e-01
6.990999999999999437e-01
6.988999999999999657e-01
6.987999999999999767e-01
6.980999999999999428e-01
6.980000000000000648e-01
6.978999999999998538e-01
6.977999999999999758e-01
6.976999999999999869e-01
6.975000000000000089e-01
6.974000000000000199e-01
6.972999999999999199e-01
6.971999999999999309e-01
6.971999999999999309e-01
6.970999999999999419e-01
6.970000000000000639e-01
6.970000000000000639e-01
6.969999999999999529e-01
6.964999999999998970e-01
6.964000000000000190e-01
6.963000000000000300e-01
6.961999999999999300e-01
6.960999999999999410e-01
6.957999999999999741e-01
6.956999999999998741e-01
6.949999999999999512e-01
6.948999999999999622e-01
6.941999999999999282e-01
6.940999999999999392e-01
6.940000000000000613e-01
6.938999999999999613e-01
6.937999999999999723e-01
6.937999999999998613e-01
6.935999999999999943e-01
6.935999999999998833e-01
6.933000000000000274e-01
6.931999999999999273e-01
6.931000000000000494e-01
6.925999999999998824e-01
6.925000000000000044e-01
6.923999999999999044e-01
6.922999999999999154e-01
6.920999999999999375e-01
6.919999999999999485e-01
6.918999999999999595e-01
6.917999999999999705e-01
6.915999999999999925e-01
6.911000000000000476e-01
6.909999999999999476e-01
6.904999999999998916e-01
6.904000000000000137e-01
6.903000000000000247e-01
6.901999999999999247e-01
6.899999999999999467e-01
6.885999999999999899e-01
6.884000000000000119e-01
6.884000000000000119e-01
6.883999999999999009e-01
6.881999999999999229e-01
6.880999999999999339e-01
6.876999999999999780e-01
6.876999999999999780e-01
6.875999999999999890e-01
6.874999999999998890e-01
6.872000000000000330e-01
6.865999999999999881e-01
6.865999999999999881e-01
6.864000000000000101e-01
6.862000000000000322e-01
6.862000000000000322e-01
6.856999999999999762e-01
6.855999999999999872e-01
6.855999999999998762e-01
6.851000000000000423e-01
6.850999999999999313e-01
6.850000000000000533e-01
6.848999999999999533e-01
6.848000000000000753e-01
6.847999999999999643e-01
6.844000000000000083e-01
6.843000000000000194e-01
6.838999999999999524e-01
6.835999999999999854e-01
6.835999999999999854e-01
6.830999999999999295e-01
6.829000000000000625e-01
6.825999999999999845e-01
6.825999999999998735e-01
6.824999999999999956e-01
6.821999999999999176e-01
6.819999999999999396e-01
6.818999999999999506e-01
6.816999999999999726e-01
6.815999999999999837e-01
6.814999999999999947e-01
6.812000000000000277e-01
6.810000000000000497e-01
6.807999999999999607e-01
6.797999999999999599e-01
6.796999999999999709e-01
6.794000000000000039e-01
6.791000000000000369e-01
6.786999999999999700e-01
6.785999999999999810e-01
6.783999999999998920e-01
6.782000000000000250e-01
6.781999999999999140e-01
6.781000000000000361e-01
6.779999999999999361e-01
6.776999999999999691e-01
6.774999999999998801e-01
6.774000000000000021e-01
6.771999999999999131e-01
6.771999999999999131e-01
6.769000000000000572e-01
6.766999999999999682e-01
6.766999999999999682e-01
6.766999999999999682e-01
6.765999999999999792e-01
6.765999999999999792e-01
6.764000000000000012e-01
6.753000000000000114e-01
6.752999999999999003e-01
6.751999999999999114e-01
6.750999999999999224e-01
6.744999999999999885e-01
6.743999999999999995e-01
6.743000000000000105e-01
6.742999999999998995e-01
6.742000000000000215e-01
6.740000000000000435e-01
6.737999999999999545e-01
6.736999999999998545e-01
6.735999999999999766e-01
6.735999999999999766e-01
6.733999999999999986e-01
6.732999999999998986e-01
6.727000000000000757e-01
6.726999999999999647e-01
6.726999999999999647e-01
6.725999999999999757e-01
6.725999999999999757e-01
6.724999999999998757e-01
6.723999999999998867e-01
6.723999999999998867e-01
6.723999999999998867e-01
6.717999999999999527e-01
6.716999999999999638e-01
6.715999999999999748e-01
6.713999999999999968e-01
6.711000000000000298e-01
6.709999999999999298e-01
6.709999999999999298e-01
6.707999999999999519e-01
6.703999999999999959e-01
6.702999999999998959e-01
6.696999999999999620e-01
6.694999999999999840e-01
6.689999999999999281e-01
6.689000000000000501e-01
6.686999999999999611e-01
6.683999999999999941e-01
6.683000000000000052e-01
6.677999999999999492e-01
6.675999999999999712e-01
6.674999999999999822e-01
6.674999999999999822e-01
6.673999999999999932e-01
6.673999999999999932e-01
6.672999999999998932e-01
6.672000000000000153e-01
6.671000000000000263e-01
6.665999999999999703e-01
6.663999999999998813e-01
6.658999999999999364e-01
6.657999999999999474e-01
6.656999999999999584e-01
6.652000000000000135e-01
6.650000000000000355e-01
6.648999999999999355e-01
6.647999999999999465e-01
6.647999999999999465e-01
6.645999999999999686e-01
6.643999999999999906e-01
6.643000000000000016e-01
6.638999999999999346e-01
6.633000000000000007e-01
6.630000000000000338e-01
6.630000000000000338e-01
6.628999999999999337e-01
6.624999999999999778e-01
6.624999999999998668e-01
6.619999999999999218e-01
6.614999999999999769e-01
6.613999999999999879e-01
6.612999999999999989e-01
6.611000000000000210e-01
6.611000000000000210e-01
6.610999999999999099e-01
6.607999999999999430e-01
6.606999999999999540e-01
6.606999999999999540e-01
6.605999999999999650e-01
6.605999999999999650e-01
6.603999999999999870e-01
6.601999999999998980e-01
6.599999999999999201e-01
6.598000000000000531e-01
6.597999999999999421e-01
6.597999999999999421e-01
6.592999999999998861e-01
6.589999999999999192e-01
6.589000000000000412e-01
6.585999999999999632e-01
6.585999999999999632e-01
6.584999999999998632e-01
6.579999999999999183e-01
6.576999999999999513e-01
6.575999999999999623e-01
6.574999999999999734e-01
6.569000000000000394e-01
6.568999999999999284e-01
6.567999999999999394e-01
6.567999999999999394e-01
6.563999999999999835e-01
6.559999999999999165e-01
6.558999999999999275e-01
6.557999999999999385e-01
6.556000000000000716e-01
6.555999999999999606e-01
6.552999999999999936e-01
6.552000000000000046e-01
6.550000000000000266e-01
6.549000000000000377e-01
6.548999999999999266e-01
6.548999999999999266e-01
6.547999999999999376e-01
6.546999999999999487e-01
6.545999999999998487e-01
6.543999999999999817e-01
6.542999999999999927e-01
6.540999999999999037e-01
6.539999999999999147e-01
6.539999999999999147e-01
6.539999999999999147e-01
6.537999999999999368e-01
6.531000000000000139e-01
6.529999999999999138e-01
6.526999999999999469e-01
6.526999999999999469e-01
6.525999999999999579e-01
6.525999999999999579e-01
6.523999999999998689e-01
6.522000000000000020e-01
6.521000000000000130e-01
6.519999999999999130e-01
6.518999999999999240e-01
6.515999999999999570e-01
6.514999999999999680e-01
6.511999999999998900e-01
6.511999999999998900e-01
6.510999999999999011e-01
6.509000000000000341e-01
6.508999999999999231e-01
6.502000000000000002e-01
6.502000000000000002e-01
6.502000000000000002e-01
6.501000000000000112e-01
6.499000000000000332e-01
6.498999999999999222e-01
6.498999999999999222e-01
6.497999999999999332e-01
6.495999999999999552e-01
6.494999999999999662e-01
6.493999999999999773e-01
6.491999999999999993e-01
6.491999999999999993e-01
6.486000000000000654e-01
6.485999999999999543e-01
6.483999999999999764e-01
6.483999999999999764e-01
6.479000000000000314e-01
6.478999999999999204e-01
6.475999999999999535e-01
6.475999999999999535e-01
6.473999999999999755e-01
6.472999999999999865e-01
6.471000000000000085e-01
6.471000000000000085e-01
6.469000000000000306e-01
6.465999999999998415e-01
6.463999999999999746e-01
6.463999999999999746e-01
6.459000000000000297e-01
6.454999999999999627e-01
6.452999999999999847e-01
6.452999999999999847e-01
6.451999999999999957e-01
6.451999999999998847e-01
6.451999999999998847e-01
6.450999999999998957e-01
6.450000000000000178e-01
6.448999999999999178e-01
6.444999999999999618e-01
6.443999999999999728e-01
6.442999999999999838e-01
6.442999999999999838e-01
6.440999999999998948e-01
6.440000000000000169e-01
6.438000000000000389e-01
6.436999999999999389e-01
6.429000000000000270e-01
6.425999999999999490e-01
6.423999999999998600e-01
6.422999999999999821e-01
6.421999999999998820e-01
6.417999999999999261e-01
6.416999999999999371e-01
6.413999999999999702e-01
6.412999999999999812e-01
6.410000000000000142e-01
6.408999999999999142e-01
6.407999999999999252e-01
6.404999999999999583e-01
6.404999999999999583e-01
6.403999999999999693e-01
6.400999999999998913e-01
6.399000000000000243e-01
6.397999999999999243e-01
6.396999999999999353e-01
6.395999999999999464e-01
6.395999999999999464e-01
6.394999999999999574e-01
6.390999999999998904e-01
6.389999999999999014e-01
6.386999999999999345e-01
6.386999999999999345e-01
6.383999999999999675e-01
6.381999999999999895e-01
6.381000000000000005e-01
6.379999999999999005e-01
6.377999999999999226e-01
6.376999999999999336e-01
6.368999999999999106e-01
6.361999999999999877e-01
6.361999999999998767e-01
6.360999999999998877e-01
6.355999999999999428e-01
6.355999999999999428e-01
6.354999999999999538e-01
6.354999999999999538e-01
6.353999999999999648e-01
6.350999999999999979e-01
6.349000000000000199e-01
6.348999999999999089e-01
6.345999999999999419e-01
6.342999999999998639e-01
6.341999999999998749e-01
6.340999999999999970e-01
6.340000000000000080e-01
6.340000000000000080e-01
6.337999999999999190e-01
6.334999999999999520e-01
6.333999999999999631e-01
6.331999999999999851e-01
6.330000000000000071e-01
6.329999999999998961e-01
6.328000000000000291e-01
6.327999999999999181e-01
6.327999999999999181e-01
6.325000000000000622e-01
6.324999999999999512e-01
6.322999999999999732e-01
6.322999999999999732e-01
6.322999999999998622e-01
6.321999999999999842e-01
6.319999999999998952e-01
6.319999999999998952e-01
6.319000000000000172e-01
6.319000000000000172e-01
6.316999999999999282e-01
6.315999999999999392e-01
6.313999999999999613e-01
6.312999999999999723e-01
6.312999999999999723e-01
6.311999999999999833e-01
6.310000000000000053e-01
6.309000000000000163e-01
6.308000000000000274e-01
6.307999999999999163e-01
6.306999999999999273e-01
6.305999999999999384e-01
6.302999999999999714e-01
6.300999999999999934e-01
6.299000000000000155e-01
6.298000000000000265e-01
6.298000000000000265e-01
6.295999999999999375e-01
6.291999999999998705e-01
6.288999999999999035e-01
6.288999999999999035e-01
6.288000000000000256e-01
6.285999999999999366e-01
6.283999999999999586e-01
6.282999999999999696e-01
6.281999999999999806e-01
6.281999999999998696e-01
6.273999999999999577e-01
6.271999999999999797e-01
6.271999999999999797e-01
6.271999999999999797e-01
6.267000000000000348e-01
6.265999999999999348e-01
6.265000000000000568e-01
6.264999999999999458e-01
6.263999999999999568e-01
6.262999999999999678e-01
6.260999999999999899e-01
6.255999999999999339e-01
6.250000000000000000e-01
6.248999999999999000e-01
6.248999999999999000e-01
6.244999999999999440e-01
6.244000000000000661e-01
6.243999999999998440e-01
6.239999999999999991e-01
6.239999999999999991e-01
6.239999999999999991e-01
6.238999999999998991e-01
6.238000000000000211e-01
6.234999999999999432e-01
6.234999999999999432e-01
6.234999999999999432e-01
6.233999999999999542e-01
6.231999999999999762e-01
6.229999999999998872e-01
6.219999999999999973e-01
6.219999999999999973e-01
6.219999999999999973e-01
6.218999999999998973e-01
6.218000000000000194e-01
6.217000000000000304e-01
6.216999999999999194e-01
6.211999999999999744e-01
6.210999999999999854e-01
6.210999999999999854e-01
6.210999999999999854e-01
6.209999999999999964e-01
6.208000000000000185e-01
6.207000000000000295e-01
6.205999999999999295e-01
6.203999999999999515e-01
6.201999999999999735e-01
6.200999999999999845e-01
6.200999999999999845e-01
6.199999999999999956e-01
6.199000000000000066e-01
6.194999999999999396e-01
6.193999999999999506e-01
6.189999999999999947e-01
6.189000000000000057e-01
6.189000000000000057e-01
6.189000000000000057e-01
6.187999999999999057e-01
6.186000000000000387e-01
6.186000000000000387e-01
6.182999999999999607e-01
6.180999999999999828e-01
6.179000000000000048e-01
6.176999999999999158e-01
6.175999999999999268e-01
6.173999999999999488e-01
6.171999999999999709e-01
6.169999999999999929e-01
6.169999999999999929e-01
6.168000000000000149e-01
6.159999999999999920e-01
6.159000000000000030e-01
6.155999999999999250e-01
6.155999999999999250e-01
6.154999999999999361e-01
6.154999999999999361e-01
6.154999999999999361e-01
6.153999999999999471e-01
6.153999999999999471e-01
6.151999999999999691e-01
6.150999999999999801e-01
6.148000000000000131e-01
6.147000000000000242e-01
6.143999999999999462e-01
6.142999999999999572e-01
6.142999999999999572e-01
6.142999999999999572e-01
6.140999999999999792e-01
6.135999999999999233e-01
6.135000000000000453e-01
6.129999999999999893e-01
6.125999999999999224e-01
6.125999999999999224e-01
6.122999999999999554e-01
6.121999999999999664e-01
6.119999999999999885e-01
6.118999999999999995e-01
6.118999999999999995e-01
6.118000000000000105e-01
6.118000000000000105e-01
6.115999999999999215e-01
6.115000000000000435e-01
6.114000000000000545e-01
6.111999999999999655e-01
6.108000000000000096e-01
6.107999999999998986e-01
6.102999999999999536e-01
6.096999999999999087e-01
6.095999999999999197e-01
6.093999999999999417e-01
6.088999999999999968e-01
6.088999999999999968e-01
6.084000000000000519e-01
6.080999999999999739e-01
6.080999999999999739e-01
6.076999999999999069e-01
6.074999999999999289e-01
6.069999999999999840e-01
6.069999999999999840e-01
6.066999999999999060e-01
6.060999999999999721e-01
6.060999999999999721e-01
6.058999999999999941e-01
6.058999999999999941e-01
6.053999999999999382e-01
6.050999999999999712e-01
6.050999999999999712e-01
6.049999999999999822e-01
6.047000000000000153e-01
6.047000000000000153e-01
6.043999999999999373e-01
6.040999999999999703e-01
6.040999999999999703e-01
6.036000000000000254e-01
6.036000000000000254e-01
6.035999999999999144e-01
6.034999999999999254e-01
6.025999999999999135e-01
6.024999999999999245e-01
6.020999999999999686e-01
6.019999999999999796e-01
6.019999999999998685e-01
6.018999999999999906e-01
6.018999999999998796e-01
6.018000000000000016e-01
6.017999999999998906e-01
6.016000000000000236e-01
6.015999999999999126e-01
6.008000000000000007e-01
6.007000000000000117e-01
6.007000000000000117e-01
6.001999999999999558e-01
6.000999999999999668e-01
6.000999999999998558e-01
5.997999999999998888e-01
5.995999999999999108e-01
5.993999999999999329e-01
5.991999999999999549e-01
5.990999999999999659e-01
5.988999999999999879e-01
5.988999999999999879e-01
5.986000000000000210e-01
5.985999999999999099e-01
5.984000000000000430e-01
5.984000000000000430e-01
5.974999999999999201e-01
5.973999999999999311e-01
5.971999999999999531e-01
5.969999999999999751e-01
5.967999999999999972e-01
5.965999999999999082e-01
5.964000000000000412e-01
5.961999999999999522e-01
5.958999999999999853e-01
5.956000000000000183e-01
5.955999999999999073e-01
5.953999999999999293e-01
5.952999999999999403e-01
5.952999999999999403e-01
5.951999999999999513e-01
5.947000000000000064e-01
5.947000000000000064e-01
5.945000000000000284e-01
5.944000000000000394e-01
5.943999999999999284e-01
5.943000000000000504e-01
5.940999999999999615e-01
5.931999999999999496e-01
5.930999999999999606e-01
5.930999999999999606e-01
5.930999999999999606e-01
5.924000000000000377e-01
5.923000000000000487e-01
5.921999999999999487e-01
5.920999999999999597e-01
5.918999999999999817e-01
5.918999999999999817e-01
5.913999999999999257e-01
5.913999999999999257e-01
5.913999999999999257e-01
5.912999999999999368e-01
5.912999999999999368e-01
5.911999999999999478e-01
5.911999999999999478e-01
5.909999999999998588e-01
5.908999999999999808e-01
5.908999999999999808e-01
5.907000000000000028e-01
5.904999999999999138e-01
5.904000000000000359e-01
5.902999999999999359e-01
5.901999999999999469e-01
5.900999999999999579e-01
5.898999999999999799e-01
5.897000000000000020e-01
5.896000000000000130e-01
5.894999999999999130e-01
5.894999999999999130e-01
5.893999999999999240e-01
5.892999999999999350e-01
5.891999999999999460e-01
5.891999999999999460e-01
5.887999999999998790e-01
5.885000000000000231e-01
5.883999999999999231e-01
5.882999999999999341e-01
5.881000000000000671e-01
5.878999999999999782e-01
5.878999999999999782e-01
5.876000000000000112e-01
5.874999999999999112e-01
5.873999999999999222e-01
5.872000000000000552e-01
5.867999999999999883e-01
5.864000000000000323e-01
5.863999999999999213e-01
5.862999999999999323e-01
5.860999999999999543e-01
5.854999999999999094e-01
5.853999999999999204e-01
5.849999999999999645e-01
5.849999999999999645e-01
5.848999999999999755e-01
5.847999999999999865e-01
5.845000000000000195e-01
5.839999999999999636e-01
5.836999999999999966e-01
5.836000000000000076e-01
5.830999999999999517e-01
5.823999999999999178e-01
5.822999999999999288e-01
5.816999999999998838e-01
5.813999999999999169e-01
5.811999999999999389e-01
5.810999999999999499e-01
5.808999999999999719e-01
5.802000000000000490e-01
5.802000000000000490e-01
5.801999999999999380e-01
5.796999999999999931e-01
5.794000000000000261e-01
5.792999999999999261e-01
5.790999999999999481e-01
5.787999999999999812e-01
5.787999999999998701e-01
5.784999999999999032e-01
5.782999999999999252e-01
5.779999999999999583e-01
5.777999999999999803e-01
5.777999999999999803e-01
5.776999999999999913e-01
5.775000000000000133e-01
5.774999999999999023e-01
5.773999999999999133e-01
5.772999999999999243e-01
5.768999999999999684e-01
5.763000000000000345e-01
5.760999999999999455e-01
5.760999999999999455e-01
5.757999999999999785e-01
5.756999999999999895e-01
5.755000000000000115e-01
5.749999999999999556e-01
5.749999999999999556e-01
5.747999999999998666e-01
5.746999999999999886e-01
5.745000000000000107e-01
5.743999999999999106e-01
5.737999999999999767e-01
5.733999999999999098e-01
5.732999999999999208e-01
5.730999999999999428e-01
5.727999999999999758e-01
5.726999999999999869e-01
5.725000000000000089e-01
5.716999999999998749e-01
5.715999999999998860e-01
5.711999999999999300e-01
5.711000000000000520e-01
5.709999999999999520e-01
5.707999999999999741e-01
5.707999999999999741e-01
5.706999999999999851e-01
5.706999999999999851e-01
5.705000000000000071e-01
5.697999999999998622e-01
5.694000000000000172e-01
5.694000000000000172e-01
5.693000000000000282e-01
5.691999999999999282e-01
5.690999999999999392e-01
5.688999999999999613e-01
5.688999999999999613e-01
5.687999999999999723e-01
5.686999999999999833e-01
5.685999999999998833e-01
5.684000000000000163e-01
5.683000000000000274e-01
5.680999999999999384e-01
5.679999999999999494e-01
5.678999999999999604e-01
5.678999999999999604e-01
5.677999999999999714e-01
5.671999999999999265e-01
5.670999999999999375e-01
5.668999999999999595e-01
5.662999999999999146e-01
5.658999999999999586e-01
5.658999999999999586e-01
5.658000000000000806e-01
5.656999999999999806e-01
5.653999999999999027e-01
5.651999999999999247e-01
5.650999999999999357e-01
5.650999999999999357e-01
5.650999999999999357e-01
5.649999999999999467e-01
5.649999999999999467e-01
5.647999999999999687e-01
5.646999999999999797e-01
5.643000000000000238e-01
5.642999999999999128e-01
5.638999999999999568e-01
5.638999999999999568e-01
5.635999999999998789e-01
5.629999999999999449e-01
5.627999999999999670e-01
5.622000000000000330e-01
5.621999999999999220e-01
5.621999999999999220e-01
5.615999999999999881e-01
5.614999999999998881e-01
5.613999999999998991e-01
5.613999999999998991e-01
5.612999999999999101e-01
5.610999999999999321e-01
5.610999999999999321e-01
5.609999999999999432e-01
5.609999999999999432e-01
5.608999999999999542e-01
5.605999999999999872e-01
5.604999999999999982e-01
5.603000000000000203e-01
5.602000000000000313e-01
5.601999999999999202e-01
5.600999999999999313e-01
5.590999999999999304e-01
5.587999999999999634e-01
5.586999999999999744e-01
5.586999999999999744e-01
5.586999999999999744e-01
5.585999999999999854e-01
5.584000000000000075e-01
5.584000000000000075e-01
5.579999999999999405e-01
5.574999999999999956e-01
5.567999999999999616e-01
5.564000000000000057e-01
5.564000000000000057e-01
5.561000000000000387e-01
5.559999999999999387e-01
5.550999999999999268e-01
5.550999999999999268e-01
5.548999999999999488e-01
5.548000000000000709e-01
5.547999999999999599e-01
5.546999999999999709e-01
5.545999999999999819e-01
5.543999999999998929e-01
5.542000000000000259e-01
5.540000000000000480e-01
5.540000000000000480e-01
5.538999999999999480e-01
5.538999999999999480e-01
5.537999999999999590e-01
5.535999999999999810e-01
5.535999999999998700e-01
5.531999999999999140e-01
5.531999999999999140e-01
5.526999999999999691e-01
5.523000000000000131e-01
5.518000000000000682e-01
5.509999999999999343e-01
5.508999999999999453e-01
5.508999999999999453e-01
5.508999999999999453e-01
5.504999999999999893e-01
5.502999999999999003e-01
5.500999999999999224e-01
5.500999999999999224e-01
5.497999999999999554e-01
5.494999999999999885e-01
5.492999999999998995e-01
5.489999999999999325e-01
5.488999999999999435e-01
5.486999999999999655e-01
5.484999999999999876e-01
5.483999999999999986e-01
5.483000000000000096e-01
5.483000000000000096e-01
5.482000000000000206e-01
5.482000000000000206e-01
5.479999999999999316e-01
5.479000000000000536e-01
5.477999999999999536e-01
5.474999999999999867e-01
5.472999999999998977e-01
5.472000000000000197e-01
5.471999999999999087e-01
5.468999999999999417e-01
5.465999999999999748e-01
5.463999999999999968e-01
5.460999999999999188e-01
5.457999999999999519e-01
5.456999999999999629e-01
5.456999999999998519e-01
5.454999999999999849e-01
5.452000000000000179e-01
5.452000000000000179e-01
5.447000000000000730e-01
5.446999999999999620e-01
5.436999999999999611e-01
5.432999999999998941e-01
5.432000000000000162e-01
5.429000000000000492e-01
5.426999999999999602e-01
5.426999999999999602e-01
5.423999999999999932e-01
5.422999999999998932e-01
5.420999999999999153e-01
5.414999999999999813e-01
5.412000000000000144e-01
5.412000000000000144e-01
5.409999999999999254e-01
5.406999999999999584e-01
5.403000000000000025e-01
5.403000000000000025e-01
5.402999999999998915e-01
5.397999999999999465e-01
5.393999999999999906e-01
5.393999999999999906e-01
5.393999999999999906e-01
5.391000000000000236e-01
5.390999999999999126e-01
5.388999999999999346e-01
5.383999999999999897e-01
5.381000000000000227e-01
5.380000000000000338e-01
5.379000000000000448e-01
5.378999999999999337e-01
5.375999999999999668e-01
5.373999999999999888e-01
5.373999999999998778e-01
5.371000000000000218e-01
5.370999999999999108e-01
5.367999999999999439e-01
5.367999999999999439e-01
5.366999999999999549e-01
5.363999999999999879e-01
5.362999999999999989e-01
5.362000000000000099e-01
5.359000000000000430e-01
5.358000000000000540e-01
5.356999999999999540e-01
5.352999999999999980e-01
5.352000000000000091e-01
5.350999999999999091e-01
5.350000000000000311e-01
5.343999999999999861e-01
5.342000000000000082e-01
5.341000000000000192e-01
5.338999999999999302e-01
5.334999999999999742e-01
5.332999999999999963e-01
5.332000000000000073e-01
5.331999999999998963e-01
5.330000000000000293e-01
5.328999999999999293e-01
5.325999999999999623e-01
5.322999999999999954e-01
5.322999999999999954e-01
5.321000000000000174e-01
5.318999999999999284e-01
5.317999999999999394e-01
5.317999999999999394e-01
5.314999999999999725e-01
5.311000000000000165e-01
5.307999999999999385e-01
5.303999999999999826e-01
5.302999999999999936e-01
5.296999999999999487e-01
5.291000000000000147e-01
5.287999999999999368e-01
5.287999999999999368e-01
5.284999999999999698e-01
5.282999999999999918e-01
5.282999999999999918e-01
5.281999999999998918e-01
5.279999999999999138e-01
5.277999999999999359e-01
5.272999999999999909e-01
5.272999999999999909e-01
5.269999999999999130e-01
5.269000000000000350e-01
5.266999999999999460e-01
5.264999999999999680e-01
5.264999999999999680e-01
5.262000000000000011e-01
5.261999999999998900e-01
5.261000000000000121e-01
5.258000000000000451e-01
5.252999999999999892e-01
5.252000000000000002e-01
5.252000000000000002e-01
5.248999999999999222e-01
5.245999999999999552e-01
5.243999999999999773e-01
5.242999999999999883e-01
5.241000000000000103e-01
5.234999999999999654e-01
5.233999999999999764e-01
5.233999999999999764e-01
5.229999999999999094e-01
5.225999999999999535e-01
5.225999999999999535e-01
5.223999999999999755e-01
5.219999999999999085e-01
5.219000000000000306e-01
5.216999999999999416e-01
5.216999999999999416e-01
5.212999999999999856e-01
5.211999999999999966e-01
5.211999999999999966e-01
5.211000000000000076e-01
5.192999999999999838e-01
5.192999999999999838e-01
5.191999999999998838e-01
5.191000000000000059e-01
5.189999999999999059e-01
5.189999999999999059e-01
5.189000000000000279e-01
5.188999999999999169e-01
5.187999999999999279e-01
5.185999999999999499e-01
5.180999999999998940e-01
5.175999999999999490e-01
5.175999999999999490e-01
5.174999999999999600e-01
5.169999999999999041e-01
5.169000000000000261e-01
5.168000000000000371e-01
5.167999999999999261e-01
5.167000000000000481e-01
5.161999999999999922e-01
5.160000000000000142e-01
5.157000000000000473e-01
5.154999999999999583e-01
5.153999999999999693e-01
5.152999999999999803e-01
5.151000000000000023e-01
5.148999999999999133e-01
5.145999999999999464e-01
5.144999999999999574e-01
5.142999999999999794e-01
5.141000000000000014e-01
5.140000000000000124e-01
5.140000000000000124e-01
5.139000000000000234e-01
5.137000000000000455e-01
5.133999999999999675e-01
5.133999999999999675e-01
5.131000000000000005e-01
5.129000000000000226e-01
5.129000000000000226e-01
5.126999999999999336e-01
5.123999999999999666e-01
5.122999999999999776e-01
5.122999999999999776e-01
5.120999999999999996e-01
5.117000000000000437e-01
5.115999999999999437e-01
5.115999999999999437e-01
5.112999999999999767e-01
5.110999999999999988e-01
5.110000000000000098e-01
5.108000000000000318e-01
5.107999999999999208e-01
5.107999999999999208e-01
5.107000000000000428e-01
5.105999999999999428e-01
5.103999999999999648e-01
5.103999999999999648e-01
5.101999999999999869e-01
5.100999999999999979e-01
5.098999999999999089e-01
5.098999999999999089e-01
5.097000000000000419e-01
5.095999999999999419e-01
5.092999999999999750e-01
5.090000000000000080e-01
5.089999999999998970e-01
5.088999999999999080e-01
5.088999999999999080e-01
5.080000000000000071e-01
5.080000000000000071e-01
5.080000000000000071e-01
5.079000000000000181e-01
5.078999999999999071e-01
5.077000000000000401e-01
5.074000000000000732e-01
5.073999999999999622e-01
5.071999999999999842e-01
5.070999999999999952e-01
5.066999999999999282e-01
5.064999999999999503e-01
5.064999999999999503e-01
5.063999999999999613e-01
5.063999999999999613e-01
5.062999999999999723e-01
5.061999999999999833e-01
5.058000000000000274e-01
5.057999999999999163e-01
5.056999999999999273e-01
5.056999999999999273e-01
5.055999999999999384e-01
5.055000000000000604e-01
5.054999999999999494e-01
5.054999999999999494e-01
5.051999999999999824e-01
5.050999999999999934e-01
5.049000000000000155e-01
5.043999999999999595e-01
5.041999999999999815e-01
5.038000000000000256e-01
5.038000000000000256e-01
5.035999999999999366e-01
5.032999999999999696e-01
5.032999999999999696e-01
5.029999999999998916e-01
5.029000000000000137e-01
5.027999999999999137e-01
5.027000000000000357e-01
5.024999999999999467e-01
5.023999999999999577e-01
5.022999999999999687e-01
5.020999999999999908e-01
5.020000000000000018e-01
5.019000000000000128e-01
5.018000000000000238e-01
5.015999999999999348e-01
5.015999999999999348e-01
5.012999999999998568e-01
5.008000000000000229e-01
5.007999999999999119e-01
5.006000000000000449e-01
5.005999999999999339e-01
5.005999999999999339e-01
4.999000000000000110e-01
4.997000000000000330e-01
4.994999999999999996e-01
4.993999999999999551e-01
4.993999999999999551e-01
4.993999999999999551e-01
4.991999999999999771e-01
4.991999999999999216e-01
4.989000000000000101e-01
4.989000000000000101e-01
4.987000000000000322e-01
4.985999999999999877e-01
4.985999999999999877e-01
4.985999999999999321e-01
4.984999999999999987e-01
4.984999999999999987e-01
4.984000000000000097e-01
4.981999999999999762e-01
4.981999999999999762e-01
4.977999999999999647e-01
4.977000000000000313e-01
4.974999999999999423e-01
4.972999999999999643e-01
4.971999999999999753e-01
4.969999999999999973e-01
4.967000000000000304e-01
4.966000000000000414e-01
4.964999999999999969e-01
4.964999999999999969e-01
4.964999999999999414e-01
4.964000000000000079e-01
4.964000000000000079e-01
4.963999999999999524e-01
4.961999999999999744e-01
4.960999999999999854e-01
4.960999999999999854e-01
4.959999999999999964e-01
4.958000000000000185e-01
4.957000000000000295e-01
4.956000000000000405e-01
4.954000000000000070e-01
4.954000000000000070e-01
4.952999999999999625e-01
4.947999999999999066e-01
4.944999999999999951e-01
4.944999999999999396e-01
4.944999999999999396e-01
4.941999999999999726e-01
4.940999999999999837e-01
4.940999999999999837e-01
4.939000000000000057e-01
4.936000000000000387e-01
4.935999999999999277e-01
4.934999999999999387e-01
4.934000000000000052e-01
4.934000000000000052e-01
4.933999999999999497e-01
4.933999999999999497e-01
4.932999999999999607e-01
4.930999999999999828e-01
4.928000000000000158e-01
4.928000000000000158e-01
4.927000000000000268e-01
4.926000000000000378e-01
4.926000000000000378e-01
4.924000000000000044e-01
4.919000000000000039e-01
4.917999999999999594e-01
4.917999999999999594e-01
4.914999999999999925e-01
4.911999999999999145e-01
4.910999999999999255e-01
4.908999999999999475e-01
4.904999999999999916e-01
4.904999999999999361e-01
4.903000000000000136e-01
4.900999999999999801e-01
4.899000000000000021e-01
4.897000000000000242e-01
4.896999999999999131e-01
4.896000000000000352e-01
4.890999999999999792e-01
4.889999999999999902e-01
4.888999999999999457e-01
4.886999999999999678e-01
4.886999999999999678e-01
4.884000000000000008e-01
4.879999999999999893e-01
4.878999999999999448e-01
4.878999999999999448e-01
4.878000000000000114e-01
4.873000000000000109e-01
4.872999999999999554e-01
4.871999999999999664e-01
4.871000000000000330e-01
4.869999999999999329e-01
4.868999999999999995e-01
4.868999999999999440e-01
4.866999999999999660e-01
4.863999999999999435e-01
4.859999999999999876e-01
4.856999999999999651e-01
4.856999999999999096e-01
4.855999999999999761e-01
4.854999999999999871e-01
4.850999999999999757e-01
4.848999999999999977e-01
4.844999999999999307e-01
4.840999999999999748e-01
4.838999999999999968e-01
4.838000000000000078e-01
4.836999999999999633e-01
4.834999999999999298e-01
4.833999999999999964e-01
4.832000000000000184e-01
4.830999999999999739e-01
4.828999999999999404e-01
4.825999999999999734e-01
4.824999999999999845e-01
4.823999999999999955e-01
4.820999999999999730e-01
4.818999999999999950e-01
4.818000000000000060e-01
4.818000000000000060e-01
4.814999999999999836e-01
4.813999999999999391e-01
4.811999999999999611e-01
4.809999999999999831e-01
4.808000000000000052e-01
4.803000000000000047e-01
4.802999999999999492e-01
4.802000000000000157e-01
4.799000000000000488e-01
4.798999999999999932e-01
4.798000000000000043e-01
4.796999999999999598e-01
4.795999999999999153e-01
4.795000000000000373e-01
4.794999999999999818e-01
4.794999999999999263e-01
4.793999999999999928e-01
4.793999999999999928e-01
4.793000000000000038e-01
4.791999999999999593e-01
4.791999999999999593e-01
4.784999999999999809e-01
4.784999999999999254e-01
4.784000000000000474e-01
4.783999999999999364e-01
4.783999999999999364e-01
4.782000000000000139e-01
4.779999999999999805e-01
4.777999999999999470e-01
4.775000000000000355e-01
4.773999999999999910e-01
4.773000000000000576e-01
4.772999999999999465e-01
4.772000000000000131e-01
4.771999999999999575e-01
4.770999999999999686e-01
4.770999999999999686e-01
4.769999999999999796e-01
4.768999999999999351e-01
4.768000000000000016e-01
4.766999999999999571e-01
4.763999999999999901e-01
4.762999999999999456e-01
4.760000000000000342e-01
4.759999999999999787e-01
4.758999999999999342e-01
4.757000000000000117e-01
4.756000000000000227e-01
4.755999999999999672e-01
4.754999999999999782e-01
4.752000000000000113e-01
4.748999999999999888e-01
4.747999999999999443e-01
4.747000000000000108e-01
4.743999999999999884e-01
4.741000000000000214e-01
4.738999999999999879e-01
4.738999999999999879e-01
4.737999999999999989e-01
4.737999999999999989e-01
4.736000000000000210e-01
4.734999999999999210e-01
4.731999999999999540e-01
4.730999999999999650e-01
4.727000000000000091e-01
4.726000000000000201e-01
4.725999999999999646e-01
4.724999999999999756e-01
4.724999999999999756e-01
4.724000000000000421e-01
4.722000000000000086e-01
4.721999999999999531e-01
4.721999999999999531e-01
4.719999999999999751e-01
4.718999999999999861e-01
4.717999999999999972e-01
4.717999999999999416e-01
4.715000000000000302e-01
4.713999999999999857e-01
4.713999999999999302e-01
4.712999999999999967e-01
4.712999999999999412e-01
4.712999999999999412e-01
4.709999999999999742e-01
4.709999999999999742e-01
4.709999999999999742e-01
4.707999999999999963e-01
4.707999999999999408e-01
4.707000000000000073e-01
4.707000000000000073e-01
4.705000000000000293e-01
4.704999999999999738e-01
4.704999999999999183e-01
4.702999999999999403e-01
4.701999999999999513e-01
4.697999999999999399e-01
4.694999999999999729e-01
4.694999999999999729e-01
4.692000000000000060e-01
4.688999999999999835e-01
4.688999999999999835e-01
4.688999999999999280e-01
4.687999999999999945e-01
4.686000000000000165e-01
4.686000000000000165e-01
4.683000000000000496e-01
4.681999999999999496e-01
4.679999999999999716e-01
4.677000000000000046e-01
4.675999999999999601e-01
4.675999999999999601e-01
4.674999999999999711e-01
4.674000000000000377e-01
4.673999999999999821e-01
4.673000000000000487e-01
4.671999999999999487e-01
4.668999999999999817e-01
4.668999999999999817e-01
4.667999999999999927e-01
4.667999999999999927e-01
4.667000000000000037e-01
4.665999999999999592e-01
4.665000000000000258e-01
4.664999999999999702e-01
4.660999999999999588e-01
4.657999999999999918e-01
4.657000000000000028e-01
4.655999999999999583e-01
4.655000000000000249e-01
4.654999999999999694e-01
4.653000000000000469e-01
4.653000000000000469e-01
4.649999999999999689e-01
4.649999999999999689e-01
4.648999999999999799e-01
4.648999999999999799e-01
4.647999999999999909e-01
4.647000000000000020e-01
4.647000000000000020e-01
4.642999999999999350e-01
4.641000000000000125e-01
4.640999999999999570e-01
4.640999999999999570e-01
4.639999999999999680e-01
4.639999999999999125e-01
4.637999999999999901e-01
4.636000000000000121e-01
4.635000000000000231e-01
4.629999999999999671e-01
4.629999999999999671e-01
4.629999999999999671e-01
4.628999999999999782e-01
4.627999999999999892e-01
4.627000000000000002e-01
4.626000000000000112e-01
4.625000000000000222e-01
4.624000000000000332e-01
4.623999999999999222e-01
4.617999999999999883e-01
4.616999999999999993e-01
4.616999999999999993e-01
4.613000000000000433e-01
4.611999999999999433e-01
4.610000000000000209e-01
4.609999999999999654e-01
4.608999999999999764e-01
4.608999999999999764e-01
4.607999999999999874e-01
4.606999999999999429e-01
4.601999999999999980e-01
4.600000000000000200e-01
4.598999999999999755e-01
4.597999999999999865e-01
4.596999999999999975e-01
4.596999999999999420e-01
4.591999999999999971e-01
4.589999999999999636e-01
4.587999999999999856e-01
4.587999999999999856e-01
4.586999999999999966e-01
4.586999999999999411e-01
4.585999999999999521e-01
4.585000000000000187e-01
4.584999999999999631e-01
4.583999999999999186e-01
4.582999999999999852e-01
4.581999999999999407e-01
4.578999999999999737e-01
4.577999999999999292e-01
4.571999999999999953e-01
4.571999999999999953e-01
4.569999999999999618e-01
4.566999999999999948e-01
4.566999999999999948e-01
4.566000000000000059e-01
4.565999999999998948e-01
4.564999999999999614e-01
4.561999999999999944e-01
4.561999999999999389e-01
4.559999999999999609e-01
4.559000000000000274e-01
4.558999999999999719e-01
4.557999999999999829e-01
4.557999999999999829e-01
4.551999999999999935e-01
4.551000000000000045e-01
4.549999999999999600e-01
4.546999999999999931e-01
4.546999999999999931e-01
4.546999999999999376e-01
4.546000000000000041e-01
4.544000000000000261e-01
4.543999999999999706e-01
4.542999999999999816e-01
4.541999999999999926e-01
4.538999999999999702e-01
4.537999999999999812e-01
4.537999999999999812e-01
4.536999999999999922e-01
4.536999999999999922e-01
4.536999999999999922e-01
4.536999999999999922e-01
4.536000000000000032e-01
4.535000000000000142e-01
4.533999999999999697e-01
4.532999999999999807e-01
4.532999999999999252e-01
4.530999999999999472e-01
4.528999999999999693e-01
4.527999999999999803e-01
4.526999999999999913e-01
4.526000000000000023e-01
4.524000000000000243e-01
4.524000000000000243e-01
4.521999999999999909e-01
4.520999999999999464e-01
4.519999999999999574e-01
4.519999999999999574e-01
4.518999999999999684e-01
4.517999999999999794e-01
4.515000000000000124e-01
4.513999999999999124e-01
4.511999999999999900e-01
4.510999999999999455e-01
4.506000000000000005e-01
4.505000000000000115e-01
4.502999999999999226e-01
4.501999999999999336e-01
4.499000000000000221e-01
4.495999999999999996e-01
4.495000000000000107e-01
4.492000000000000437e-01
4.491999999999999327e-01
4.486999999999999877e-01
4.485999999999999988e-01
4.485999999999999988e-01
4.485999999999999432e-01
4.484999999999999543e-01
4.482999999999999763e-01
4.482999999999999763e-01
4.481999999999999873e-01
4.480999999999999428e-01
4.479999999999999538e-01
4.477999999999999758e-01
4.476999999999999869e-01
4.475999999999999979e-01
4.475999999999999979e-01
4.475000000000000089e-01
4.475000000000000089e-01
4.470999999999999419e-01
4.470000000000000084e-01
4.469000000000000195e-01
4.465999999999999970e-01
4.465999999999999970e-01
4.465999999999999970e-01
4.465999999999999970e-01
4.457999999999999741e-01
4.457999999999999741e-01
4.456999999999999851e-01
4.456999999999999851e-01
4.455999999999999961e-01
4.454999999999999516e-01
4.454000000000000181e-01
4.454000000000000181e-01
4.450999999999999401e-01
4.448999999999999622e-01
4.448999999999999622e-01
4.447999999999999732e-01
4.447999999999999177e-01
4.446999999999999842e-01
4.446999999999999842e-01
4.446999999999999842e-01
4.446999999999999842e-01
4.445999999999999952e-01
4.444999999999999507e-01
4.443000000000000282e-01
4.439999999999999503e-01
4.438999999999999613e-01
4.436999999999999833e-01
4.435000000000000053e-01
4.435000000000000053e-01
4.431999999999999829e-01
4.426999999999999824e-01
4.423999999999999044e-01
4.422999999999999710e-01
4.420999999999999930e-01
4.420999999999999930e-01
4.420999999999999375e-01
4.420999999999999375e-01
4.420000000000000040e-01
4.418999999999999595e-01
4.417999999999999705e-01
4.417999999999999705e-01
4.415000000000000036e-01
4.413999999999999591e-01
4.409999999999999476e-01
4.406999999999999806e-01
4.406999999999999806e-01
4.405000000000000027e-01
4.404000000000000137e-01
4.403999999999999582e-01
4.403000000000000247e-01
4.402999999999999692e-01
4.401999999999999247e-01
4.400999999999999357e-01
4.397999999999999687e-01
4.396999999999999797e-01
4.393000000000000238e-01
4.392999999999999683e-01
4.392999999999999683e-01
4.391999999999999238e-01
4.390999999999999903e-01
4.390999999999999903e-01
4.390999999999999348e-01
4.389999999999999458e-01
4.389999999999999458e-01
4.388999999999999568e-01
4.387999999999999678e-01
4.387999999999999678e-01
4.386999999999999789e-01
4.386999999999999789e-01
4.384999999999999454e-01
4.383000000000000229e-01
4.380999999999999894e-01
4.380999999999999339e-01
4.378999999999999559e-01
4.376999999999999780e-01
4.375999999999999890e-01
4.375999999999999890e-01
4.375999999999999890e-01
4.374000000000000110e-01
4.373000000000000220e-01
4.373000000000000220e-01
4.373000000000000220e-01
4.371999999999999220e-01
4.371000000000000441e-01
4.369999999999999996e-01
4.369999999999999996e-01
4.368999999999999551e-01
4.367999999999999661e-01
4.367999999999999661e-01
4.365999999999999881e-01
4.364999999999999991e-01
4.364000000000000101e-01
4.361999999999999766e-01
4.360999999999999877e-01
4.359999999999999987e-01
4.359999999999999432e-01
4.356999999999999762e-01
4.354999999999999982e-01
4.354000000000000092e-01
4.351999999999999758e-01
4.351999999999999758e-01
4.351999999999999202e-01
4.349999999999999978e-01
4.347999999999999643e-01
4.345999999999999863e-01
4.342999999999999639e-01
4.340000000000000524e-01
4.339999999999999969e-01
4.338999999999999524e-01
4.338999999999999524e-01
4.338000000000000189e-01
4.336999999999999744e-01
4.335999999999999854e-01
4.332000000000000295e-01
4.330999999999999850e-01
4.329999999999999960e-01
4.328999999999999515e-01
4.327999999999999625e-01
4.326999999999999735e-01
4.326999999999999735e-01
4.325999999999999845e-01
4.324999999999999956e-01
4.324000000000000066e-01
4.323999999999999511e-01
4.321999999999999731e-01
4.320999999999999841e-01
4.320999999999999286e-01
4.319999999999999396e-01
4.319000000000000061e-01
4.316999999999999726e-01
4.316999999999999726e-01
4.314999999999999947e-01
4.314999999999999947e-01
4.314999999999999947e-01
4.313999999999999502e-01
4.311999999999999722e-01
4.310999999999999277e-01
4.309999999999999942e-01
4.309999999999999942e-01
4.309999999999999387e-01
4.308999999999999497e-01
4.308999999999999497e-01
4.307999999999999607e-01
4.305999999999999828e-01
4.305999999999999273e-01
4.304999999999999938e-01
4.300999999999999823e-01
4.299999999999999933e-01
4.299999999999999933e-01
4.297999999999999599e-01
4.295000000000000484e-01
4.294000000000000039e-01
4.293000000000000149e-01
4.293000000000000149e-01
4.291999999999999704e-01
4.291999999999999704e-01
4.291999999999999704e-01
4.289999999999999369e-01
4.286999999999999700e-01
4.285999999999999810e-01
4.284999999999999920e-01
4.284000000000000030e-01
4.284000000000000030e-01
4.283999999999999475e-01
4.277999999999999581e-01
4.277000000000000246e-01
4.274000000000000021e-01
4.273000000000000131e-01
4.273000000000000131e-01
4.272000000000000242e-01
4.271999999999999131e-01
4.270999999999999797e-01
4.269000000000000017e-01
4.267999999999999572e-01
4.267999999999999572e-01
4.265999999999999792e-01
4.265999999999999792e-01
4.264999999999999902e-01
4.264999999999999902e-01
4.261000000000000343e-01
4.261000000000000343e-01
4.260999999999999788e-01
4.259000000000000008e-01
4.258000000000000118e-01
4.257999999999999563e-01
4.256999999999999673e-01
4.256999999999999673e-01
4.255999999999999783e-01
4.255999999999999783e-01
4.253000000000000114e-01
4.253000000000000114e-01
4.250999999999999779e-01
4.249999999999999889e-01
4.248999999999999999e-01
4.246999999999999664e-01
4.245999999999999774e-01
4.245000000000000440e-01
4.241000000000000325e-01
4.241000000000000325e-01
4.240000000000000435e-01
4.239999999999999880e-01
4.237999999999999545e-01
4.235999999999999766e-01
4.235999999999999766e-01
4.234999999999999876e-01
4.233999999999999986e-01
4.233000000000000096e-01
4.229999999999999871e-01
4.226999999999999647e-01
4.225999999999999757e-01
4.225999999999999757e-01
4.224999999999999867e-01
4.223999999999999422e-01
4.223999999999999422e-01
4.223000000000000087e-01
4.223000000000000087e-01
4.223000000000000087e-01
4.218999999999999972e-01
4.218999999999999972e-01
4.218999999999999417e-01
4.215999999999999748e-01
4.214999999999999858e-01
4.213999999999999968e-01
4.213999999999999968e-01
4.211000000000000298e-01
4.209999999999999853e-01
4.209999999999999853e-01
4.208999999999999964e-01
4.208999999999999408e-01
4.208000000000000074e-01
4.208000000000000074e-01
4.207000000000000184e-01
4.206999999999999629e-01
4.205999999999999739e-01
4.204999999999999849e-01
4.204999999999999849e-01
4.203999999999999959e-01
4.203999999999999959e-01
4.203000000000000069e-01
4.201999999999999624e-01
4.199999999999999845e-01
4.198999999999999400e-01
4.198999999999999400e-01
4.198000000000000065e-01
4.196999999999999620e-01
4.196999999999999620e-01
4.195999999999999730e-01
4.195999999999999730e-01
4.194999999999999840e-01
4.194999999999999840e-01
4.192999999999999505e-01
4.192000000000000171e-01
4.191999999999999615e-01
4.190999999999999726e-01
4.190999999999999170e-01
4.189999999999999836e-01
4.186000000000000276e-01
4.184999999999999831e-01
4.184999999999999831e-01
4.183999999999999941e-01
4.183999999999999386e-01
4.181999999999999607e-01
4.181999999999999607e-01
4.179999999999999827e-01
4.179999999999999272e-01
4.178999999999999937e-01
4.178999999999999382e-01
4.175999999999999712e-01
4.173999999999999932e-01
4.173999999999999932e-01
4.173000000000000043e-01
4.172999999999999488e-01
4.171000000000000263e-01
4.169999999999999263e-01
4.168999999999999928e-01
4.168999999999999373e-01
4.168999999999999373e-01
4.165999999999999703e-01
4.165999999999999703e-01
4.163000000000000034e-01
4.162000000000000144e-01
4.161999999999999589e-01
4.160999999999999699e-01
4.159999999999999809e-01
4.158999999999999919e-01
4.158999999999999364e-01
4.158999999999999364e-01
4.158000000000000029e-01
4.158000000000000029e-01
4.157000000000000139e-01
4.156999999999999584e-01
4.156999999999999584e-01
4.152000000000000135e-01
4.151999999999999580e-01
4.149999999999999800e-01
4.148000000000000020e-01
4.147999999999999465e-01
4.147000000000000131e-01
4.144999999999999796e-01
4.144999999999999796e-01
4.144999999999999796e-01
4.143999999999999906e-01
4.143000000000000016e-01
4.140000000000000346e-01
4.139999999999999791e-01
4.138999999999999346e-01
4.136999999999999567e-01
4.136999999999999567e-01
4.134999999999999787e-01
4.131999999999999562e-01
4.130000000000000338e-01
4.129999999999999782e-01
4.129999999999999782e-01
4.128999999999999337e-01
4.127999999999999448e-01
4.127999999999999448e-01
4.124999999999999778e-01
4.124999999999999778e-01
4.122999999999999998e-01
4.122999999999999443e-01
4.122999999999999443e-01
4.122000000000000108e-01
4.117999999999999439e-01
4.114999999999999769e-01
4.112000000000000099e-01
4.111999999999999544e-01
4.109999999999999765e-01
4.109999999999999210e-01
4.108999999999999320e-01
4.107999999999999985e-01
4.105999999999999650e-01
4.105999999999999650e-01
4.101999999999999535e-01
4.099999999999999756e-01
4.098999999999999866e-01
4.097999999999999976e-01
4.095999999999999641e-01
4.093999999999999861e-01
4.093999999999999861e-01
4.093999999999999861e-01
4.093999999999999861e-01
4.093999999999999861e-01
4.092999999999999972e-01
4.092999999999999972e-01
4.092000000000000082e-01
4.091999999999999527e-01
4.091000000000000192e-01
4.090999999999999637e-01
4.088999999999999302e-01
4.088999999999999302e-01
4.088999999999999302e-01
4.087999999999999412e-01
4.086999999999999522e-01
4.085999999999999632e-01
4.085999999999999632e-01
4.084999999999999742e-01
4.082999999999999408e-01
4.082000000000000073e-01
4.081999999999999518e-01
4.081000000000000183e-01
4.079999999999999738e-01
4.078999999999999848e-01
4.077000000000000068e-01
4.076000000000000179e-01
4.073999999999999844e-01
4.073999999999999844e-01
4.072999999999999954e-01
4.072999999999999399e-01
4.072000000000000064e-01
4.070999999999999619e-01
4.067999999999999949e-01
4.065999999999999615e-01
4.062999999999999945e-01
4.062999999999999390e-01
4.062000000000000055e-01
4.061999999999999500e-01
4.061000000000000165e-01
4.060999999999999610e-01
4.060000000000000275e-01
4.060000000000000275e-01
4.058999999999999830e-01
4.056999999999999496e-01
4.056000000000000161e-01
4.055999999999999606e-01
4.055999999999999606e-01
4.054999999999999716e-01
4.053999999999999826e-01
4.047999999999999932e-01
4.047999999999999376e-01
4.043999999999999817e-01
4.043999999999999817e-01
4.043999999999999817e-01
4.040999999999999592e-01
4.040000000000000258e-01
4.040000000000000258e-01
4.038999999999999257e-01
4.036999999999999478e-01
4.035999999999999588e-01
4.034999999999999698e-01
4.034999999999999698e-01
4.030999999999999583e-01
4.030999999999999583e-01
4.030999999999999583e-01
4.027000000000000024e-01
4.026999999999999469e-01
4.026999999999999469e-01
4.026999999999999469e-01
4.024999999999999689e-01
4.023999999999999799e-01
4.023999999999999799e-01
4.023999999999999799e-01
4.022000000000000020e-01
4.022000000000000020e-01
4.020999999999999575e-01
4.018999999999999795e-01
4.017999999999999905e-01
4.016999999999999460e-01
4.016999999999999460e-01
4.014999999999999680e-01
4.012999999999999901e-01
4.012000000000000011e-01
4.011000000000000121e-01
4.008999999999999786e-01
4.007999999999999896e-01
4.007999999999999896e-01
4.006000000000000116e-01
4.005999999999999561e-01
4.002999999999999892e-01
4.002000000000000002e-01
3.999999999999999667e-01
3.998000000000000442e-01
3.997999999999999887e-01
3.996999999999999442e-01
3.994999999999999662e-01
3.994999999999999662e-01
3.993999999999999773e-01
3.991000000000000103e-01
3.990999999999999548e-01
3.989999999999999658e-01
3.989000000000000323e-01
3.987999999999999878e-01
3.987999999999999878e-01
3.986999999999999433e-01
3.985999999999999543e-01
3.984999999999999654e-01
3.983999999999999764e-01
3.981999999999999984e-01
3.981000000000000094e-01
3.978999999999999759e-01
3.978999999999999759e-01
3.978999999999999759e-01
3.978000000000000425e-01
3.976000000000000090e-01
3.976000000000000090e-01
3.974999999999999645e-01
3.974999999999999645e-01
3.974999999999999645e-01
3.971999999999999975e-01
3.971000000000000085e-01
3.970999999999999530e-01
3.970999999999999530e-01
3.967999999999999861e-01
3.967999999999999861e-01
3.967999999999999305e-01
3.965000000000000191e-01
3.964999999999999636e-01
3.964999999999999636e-01
3.962999999999999856e-01
3.962999999999999856e-01
3.962999999999999856e-01
3.961999999999999966e-01
3.961999999999999966e-01
3.961999999999999966e-01
3.961000000000000076e-01
3.961000000000000076e-01
3.960999999999999521e-01
3.960000000000000187e-01
3.960000000000000187e-01
3.957999999999999852e-01
3.956999999999999962e-01
3.956000000000000072e-01
3.955999999999999517e-01
3.955999999999999517e-01
3.955000000000000182e-01
3.954999999999999627e-01
3.954999999999999627e-01
3.952999999999999847e-01
3.952999999999999847e-01
3.951999999999999957e-01
3.949999999999999623e-01
3.949999999999999623e-01
3.949999999999999623e-01
3.949000000000000288e-01
3.946999999999999953e-01
3.946999999999999953e-01
3.946999999999999398e-01
3.946000000000000063e-01
3.946000000000000063e-01
3.945999999999999508e-01
3.944999999999999618e-01
3.944999999999999618e-01
